0 1.5
0.0122718 1.52454
0.0245437 1.54907
0.0368155 1.57356
0.0490874 1.59802
0.0613592 1.62241
0.0736311 1.64673
0.0859029 1.67096
0.0981748 1.69509
0.110447 1.7191
0.122718 1.74298
0.13499 1.76671
0.147262 1.79028
0.159534 1.81368
0.171806 1.83689
0.184078 1.8599
0.19635 1.88268
0.208621 1.90524
0.220893 1.92756
0.233165 1.94961
0.245437 1.9714
0.257709 1.9929
0.269981 2.0141
0.282252 2.035
0.294524 2.05557
0.306796 2.07581
0.319068 2.0957
0.33134 2.11523
0.343612 2.13439
0.355884 2.15317
0.368155 2.17156
0.380427 2.18954
0.392699 2.20711
0.404971 2.22425
0.417243 2.24095
0.429515 2.25721
0.441786 2.27301
0.454058 2.28835
0.46633 2.30321
0.478602 2.31758
0.490874 2.33147
0.503146 2.34485
0.515418 2.35773
0.527689 2.37009
0.539961 2.38192
0.552233 2.39322
0.564505 2.40399
0.576777 2.41421
0.589049 2.42388
0.60132 2.43299
0.613592 2.44154
0.625864 2.44953
0.638136 2.45694
0.650408 2.46378
0.66268 2.47003
0.674952 2.4757
0.687223 2.48079
0.699495 2.48528
0.711767 2.48918
0.724039 2.49248
0.736311 2.49518
0.748583 2.49729
0.760854 2.4988
0.773126 2.4997
0.785398 2.5
0.79767 2.4997
0.809942 2.4988
0.822214 2.49729
0.834486 2.49518
0.846757 2.49248
0.859029 2.48918
0.871301 2.48528
0.883573 2.48079
0.895845 2.4757
0.908117 2.47003
0.920388 2.46378
0.93266 2.45694
0.944932 2.44953
0.957204 2.44154
0.969476 2.43299
0.981748 2.42388
0.99402 2.41421
1.00629 2.40399
1.01856 2.39322
1.03084 2.38192
1.04311 2.37009
1.05538 2.35773
1.06765 2.34485
1.07992 2.33147
1.09219 2.31758
1.10447 2.30321
1.11674 2.28835
1.12901 2.27301
1.14128 2.25721
1.15355 2.24095
1.16583 2.22425
1.1781 2.20711
1.19037 2.18954
1.20264 2.17156
1.21491 2.15317
1.22718 2.13439
1.23946 2.11523
1.25173 2.0957
1.264 2.07581
1.27627 2.05557
1.28854 2.035
1.30082 2.0141
1.31309 1.9929
1.32536 1.9714
1.33763 1.94961
1.3499 1.92756
1.36217 1.90524
1.37445 1.88268
1.38672 1.8599
1.39899 1.83689
1.41126 1.81368
1.42353 1.79028
1.43581 1.76671
1.44808 1.74298
1.46035 1.7191
1.47262 1.69509
1.48489 1.67096
1.49717 1.64673
1.50944 1.62241
1.52171 1.59802
1.53398 1.57356
1.54625 1.54907
1.55852 1.52454
1.5708 1.5
1.58307 1.47546
1.59534 1.45093
1.60761 1.42644
1.61988 1.40198
1.63216 1.37759
1.64443 1.35327
1.6567 1.32904
1.66897 1.30491
1.68124 1.2809
1.69351 1.25702
1.70579 1.23329
1.71806 1.20972
1.73033 1.18632
1.7426 1.16311
1.75487 1.1401
1.76715 1.11732
1.77942 1.09476
1.79169 1.07244
1.80396 1.05039
1.81623 1.0286
1.82851 1.0071
1.84078 0.985897
1.85305 0.965002
1.86532 0.94443
1.87759 0.924192
1.88986 0.904301
1.90214 0.884768
1.91441 0.865607
1.92668 0.846827
1.93895 0.828441
1.95122 0.810459
1.9635 0.792893
1.97577 0.775753
1.98804 0.759049
2.00031 0.742791
2.01258 0.72699
2.02485 0.711654
2.03713 0.696792
2.0494 0.682415
2.06167 0.66853
2.07394 0.655146
2.08621 0.642271
2.09849 0.629913
2.11076 0.618079
2.12303 0.606776
2.1353 0.596011
2.14757 0.58579
2.15984 0.57612
2.17212 0.567007
2.18439 0.558456
2.19666 0.550472
2.20893 0.54306
2.2212 0.536224
2.23348 0.529969
2.24575 0.524298
2.25802 0.519215
2.27029 0.514722
2.28256 0.510823
2.29484 0.50752
2.30711 0.504815
2.31938 0.50271
2.33165 0.501205
2.34392 0.500301
2.35619 0.5
2.36847 0.500301
2.38074 0.501205
2.39301 0.50271
2.40528 0.504815
2.41755 0.50752
2.42983 0.510823
2.4421 0.514722
2.45437 0.519215
2.46664 0.524298
2.47891 0.529969
2.49118 0.536224
2.50346 0.54306
2.51573 0.550472
2.528 0.558456
2.54027 0.567007
2.55254 0.57612
2.56482 0.58579
2.57709 0.596011
2.58936 0.606776
2.60163 0.618079
2.6139 0.629913
2.62618 0.642271
2.63845 0.655146
2.65072 0.66853
2.66299 0.682415
2.67526 0.696792
2.68753 0.711654
2.69981 0.72699
2.71208 0.742791
2.72435 0.759049
2.73662 0.775753
2.74889 0.792893
2.76117 0.810459
2.77344 0.828441
2.78571 0.846827
2.79798 0.865607
2.81025 0.884768
2.82252 0.904301
2.8348 0.924192
2.84707 0.94443
2.85934 0.965002
2.87161 0.985897
2.88388 1.0071
2.89616 1.0286
2.90843 1.05039
2.9207 1.07244
2.93297 1.09476
2.94524 1.11732
2.95751 1.1401
2.96979 1.16311
2.98206 1.18632
2.99433 1.20972
3.0066 1.23329
3.01887 1.25702
3.03115 1.2809
3.04342 1.30491
3.05569 1.32904
3.06796 1.35327
3.08023 1.37759
3.09251 1.40198
3.10478 1.42644
3.11705 1.45093
3.12932 1.47546
3.14159 1.5
3.15386 1.52454
3.16614 1.54907
3.17841 1.57356
3.19068 1.59802
3.20295 1.62241
3.21522 1.64673
3.2275 1.67096
3.23977 1.69509
3.25204 1.7191
3.26431 1.74298
3.27658 1.76671
3.28885 1.79028
3.30113 1.81368
3.3134 1.83689
3.32567 1.8599
3.33794 1.88268
3.35021 1.90524
3.36249 1.92756
3.37476 1.94961
3.38703 1.9714
3.3993 1.9929
3.41157 2.0141
3.42385 2.035
3.43612 2.05557
3.44839 2.07581
3.46066 2.0957
3.47293 2.11523
3.4852 2.13439
3.49748 2.15317
3.50975 2.17156
3.52202 2.18954
3.53429 2.20711
3.54656 2.22425
3.55884 2.24095
3.57111 2.25721
3.58338 2.27301
3.59565 2.28835
3.60792 2.30321
3.62019 2.31758
3.63247 2.33147
3.64474 2.34485
3.65701 2.35773
3.66928 2.37009
3.68155 2.38192
3.69383 2.39322
3.7061 2.40399
3.71837 2.41421
3.73064 2.42388
3.74291 2.43299
3.75518 2.44154
3.76746 2.44953
3.77973 2.45694
3.792 2.46378
3.80427 2.47003
3.81654 2.4757
3.82882 2.48079
3.84109 2.48528
3.85336 2.48918
3.86563 2.49248
3.8779 2.49518
3.89018 2.49729
3.90245 2.4988
3.91472 2.4997
3.92699 2.5
3.93926 2.4997
3.95153 2.4988
3.96381 2.49729
3.97608 2.49518
3.98835 2.49248
4.00062 2.48918
4.01289 2.48528
4.02517 2.48079
4.03744 2.4757
4.04971 2.47003
4.06198 2.46378
4.07425 2.45694
4.08652 2.44953
4.0988 2.44154
4.11107 2.43299
4.12334 2.42388
4.13561 2.41421
4.14788 2.40399
4.16016 2.39322
4.17243 2.38192
4.1847 2.37009
4.19697 2.35773
4.20924 2.34485
4.22152 2.33147
4.23379 2.31758
4.24606 2.30321
4.25833 2.28835
4.2706 2.27301
4.28287 2.25721
4.29515 2.24095
4.30742 2.22425
4.31969 2.20711
4.33196 2.18954
4.34423 2.17156
4.35651 2.15317
4.36878 2.13439
4.38105 2.11523
4.39332 2.0957
4.40559 2.07581
4.41786 2.05557
4.43014 2.035
4.44241 2.0141
4.45468 1.9929
4.46695 1.9714
4.47922 1.94961
4.4915 1.92756
4.50377 1.90524
4.51604 1.88268
4.52831 1.8599
4.54058 1.83689
4.55285 1.81368
4.56513 1.79028
4.5774 1.76671
4.58967 1.74298
4.60194 1.7191
4.61421 1.69509
4.62649 1.67096
4.63876 1.64673
4.65103 1.62241
4.6633 1.59802
4.67557 1.57356
4.68785 1.54907
4.70012 1.52454
4.71239 1.5
4.72466 1.47546
4.73693 1.45093
4.7492 1.42644
4.76148 1.40198
4.77375 1.37759
4.78602 1.35327
4.79829 1.32904
4.81056 1.30491
4.82284 1.2809
4.83511 1.25702
4.84738 1.23329
4.85965 1.20972
4.87192 1.18632
4.88419 1.16311
4.89647 1.1401
4.90874 1.11732
4.92101 1.09476
4.93328 1.07244
4.94555 1.05039
4.95783 1.0286
4.9701 1.0071
4.98237 0.985897
4.99464 0.965002
5.00691 0.94443
5.01919 0.924192
5.03146 0.904301
5.04373 0.884768
5.056 0.865607
5.06827 0.846827
5.08054 0.828441
5.09282 0.810459
5.10509 0.792893
5.11736 0.775753
5.12963 0.759049
5.1419 0.742791
5.15418 0.72699
5.16645 0.711654
5.17872 0.696792
5.19099 0.682415
5.20326 0.66853
5.21553 0.655146
5.22781 0.642271
5.24008 0.629913
5.25235 0.618079
5.26462 0.606776
5.27689 0.596011
5.28917 0.58579
5.30144 0.57612
5.31371 0.567007
5.32598 0.558456
5.33825 0.550472
5.35052 0.54306
5.3628 0.536224
5.37507 0.529969
5.38734 0.524298
5.39961 0.519215
5.41188 0.514722
5.42416 0.510823
5.43643 0.50752
5.4487 0.504815
5.46097 0.50271
5.47324 0.501205
5.48552 0.500301
5.49779 0.5
5.51006 0.500301
5.52233 0.501205
5.5346 0.50271
5.54687 0.504815
5.55915 0.50752
5.57142 0.510823
5.58369 0.514722
5.59596 0.519215
5.60823 0.524298
5.62051 0.529969
5.63278 0.536224
5.64505 0.54306
5.65732 0.550472
5.66959 0.558456
5.68186 0.567007
5.69414 0.57612
5.70641 0.58579
5.71868 0.596011
5.73095 0.606776
5.74322 0.618079
5.7555 0.629913
5.76777 0.642271
5.78004 0.655146
5.79231 0.66853
5.80458 0.682415
5.81686 0.696792
5.82913 0.711654
5.8414 0.72699
5.85367 0.742791
5.86594 0.759049
5.87821 0.775753
5.89049 0.792893
5.90276 0.810459
5.91503 0.828441
5.9273 0.846827
5.93957 0.865607
5.95185 0.884768
5.96412 0.904301
5.97639 0.924192
5.98866 0.94443
6.00093 0.965002
6.0132 0.985897
6.02548 1.0071
6.03775 1.0286
6.05002 1.05039
6.06229 1.07244
6.07456 1.09476
6.08684 1.11732
6.09911 1.1401
6.11138 1.16311
6.12365 1.18632
6.13592 1.20972
6.14819 1.23329
6.16047 1.25702
6.17274 1.2809
6.18501 1.30491
6.19728 1.32904
6.20955 1.35327
6.22183 1.37759
6.2341 1.40198
6.24637 1.42644
6.25864 1.45093
6.27091 1.47546
