0 1.36209
0.0122718 1.38255
0.0245437 1.40313
0.0368155 1.42383
0.0490874 1.44463
0.0613592 1.46551
0.0736311 1.48647
0.0859029 1.50748
0.0981748 1.52853
0.110447 1.54962
0.122718 1.57072
0.13499 1.59182
0.147262 1.61291
0.159534 1.63398
0.171806 1.65501
0.184078 1.67598
0.19635 1.69689
0.208621 1.71771
0.220893 1.73845
0.233165 1.75907
0.245437 1.77958
0.257709 1.79995
0.269981 1.82017
0.282252 1.84024
0.294524 1.86013
0.306796 1.87983
0.319068 1.89934
0.33134 1.91863
0.343612 1.9377
0.355884 1.95654
0.368155 1.97513
0.380427 1.99345
0.392699 2.01151
0.404971 2.02928
0.417243 2.04676
0.429515 2.06394
0.441786 2.08079
0.454058 2.09732
0.46633 2.11352
0.478602 2.12936
0.490874 2.14485
0.503146 2.15997
0.515418 2.17471
0.527689 2.18906
0.539961 2.20302
0.552233 2.21658
0.564505 2.22972
0.576777 2.24244
0.589049 2.25473
0.60132 2.26658
0.613592 2.27799
0.625864 2.28895
0.638136 2.29944
0.650408 2.30948
0.66268 2.31904
0.674952 2.32812
0.687223 2.33672
0.699495 2.34483
0.711767 2.35245
0.724039 2.35956
0.736311 2.36618
0.748583 2.37228
0.760854 2.37788
0.773126 2.38296
0.785398 2.38753
0.79767 2.39157
0.809942 2.39509
0.822214 2.39808
0.834486 2.40055
0.846757 2.40249
0.859029 2.40389
0.871301 2.40477
0.883573 2.40512
0.895845 2.40493
0.908117 2.40421
0.920388 2.40296
0.93266 2.40118
0.944932 2.39887
0.957204 2.39603
0.969476 2.39267
0.981748 2.38878
0.99402 2.38437
1.00629 2.37945
1.01856 2.374
1.03084 2.36805
1.04311 2.36158
1.05538 2.35461
1.06765 2.34715
1.07992 2.33918
1.09219 2.33073
1.10447 2.32179
1.11674 2.31237
1.12901 2.30248
1.14128 2.29212
1.15355 2.2813
1.16583 2.27002
1.1781 2.2583
1.19037 2.24614
1.20264 2.23355
1.21491 2.22053
1.22718 2.2071
1.23946 2.19326
1.25173 2.17902
1.264 2.16439
1.27627 2.14938
1.28854 2.13401
1.30082 2.11827
1.31309 2.10218
1.32536 2.08575
1.33763 2.06898
1.3499 2.0519
1.36217 2.03451
1.37445 2.01683
1.38672 1.99885
1.39899 1.98061
1.41126 1.96209
1.42353 1.94333
1.43581 1.92433
1.44808 1.9051
1.46035 1.88565
1.47262 1.86601
1.48489 1.84617
1.49717 1.82616
1.50944 1.80598
1.52171 1.78565
1.53398 1.76519
1.54625 1.74459
1.55852 1.72389
1.5708 1.70309
1.58307 1.68221
1.59534 1.66125
1.60761 1.64024
1.61988 1.61918
1.63216 1.5981
1.64443 1.577
1.6567 1.55589
1.66897 1.5348
1.68124 1.51374
1.69351 1.49271
1.70579 1.47174
1.71806 1.45083
1.73033 1.43001
1.7426 1.40928
1.75487 1.38866
1.76715 1.36816
1.77942 1.34779
1.79169 1.32758
1.80396 1.30752
1.81623 1.28765
1.82851 1.26796
1.84078 1.24847
1.85305 1.22919
1.86532 1.21014
1.87759 1.19133
1.88986 1.17277
1.90214 1.15447
1.91441 1.13645
1.92668 1.11871
1.93895 1.10127
1.95122 1.08414
1.9635 1.06732
1.97577 1.05084
1.98804 1.03469
2.00031 1.01888
2.01258 1.00344
2.02485 0.988354
2.03713 0.973644
2.0494 0.959314
2.06167 0.945372
2.07394 0.931824
2.08621 0.918676
2.09849 0.905936
2.11076 0.893606
2.12303 0.881694
2.1353 0.870202
2.14757 0.859135
2.15984 0.848496
2.17212 0.838287
2.18439 0.828512
2.19666 0.819172
2.20893 0.810268
2.2212 0.801802
2.23348 0.793774
2.24575 0.786184
2.25802 0.779032
2.27029 0.772319
2.28256 0.766043
2.29484 0.760203
2.30711 0.754799
2.31938 0.749829
2.33165 0.745292
2.34392 0.741187
2.35619 0.737511
2.36847 0.734265
2.38074 0.731446
2.39301 0.729053
2.40528 0.727086
2.41755 0.725543
2.42983 0.724423
2.4421 0.723726
2.45437 0.723452
2.46664 0.723601
2.47891 0.724172
2.49118 0.725165
2.50346 0.726582
2.51573 0.728424
2.528 0.73069
2.54027 0.733382
2.55254 0.736501
2.56482 0.740048
2.57709 0.744026
2.58936 0.748434
2.60163 0.753275
2.6139 0.75855
2.62618 0.76426
2.63845 0.770406
2.65072 0.77699
2.66299 0.784011
2.67526 0.79147
2.68753 0.799368
2.69981 0.807704
2.71208 0.816477
2.72435 0.825688
2.73662 0.835334
2.74889 0.845414
2.76117 0.855925
2.77344 0.866865
2.78571 0.878231
2.79798 0.890019
2.81025 0.902225
2.82252 0.914844
2.8348 0.927871
2.84707 0.9413
2.85934 0.955126
2.87161 0.969341
2.88388 0.983939
2.89616 0.998911
2.90843 1.01425
2.9207 1.02995
2.93297 1.046
2.94524 1.06239
2.95751 1.0791
2.96979 1.09614
2.98206 1.11349
2.99433 1.13114
3.0066 1.14908
3.01887 1.1673
3.03115 1.18578
3.04342 1.20452
3.05569 1.2235
3.06796 1.24271
3.08023 1.26214
3.09251 1.28177
3.10478 1.30159
3.11705 1.32159
3.12932 1.34176
3.14159 1.36209
3.15386 1.38255
3.16614 1.40313
3.17841 1.42383
3.19068 1.44463
3.20295 1.46551
3.21522 1.48647
3.2275 1.50748
3.23977 1.52853
3.25204 1.54962
3.26431 1.57072
3.27658 1.59182
3.28885 1.61291
3.30113 1.63398
3.3134 1.65501
3.32567 1.67598
3.33794 1.69689
3.35021 1.71771
3.36249 1.73845
3.37476 1.75907
3.38703 1.77958
3.3993 1.79995
3.41157 1.82017
3.42385 1.84024
3.43612 1.86013
3.44839 1.87983
3.46066 1.89934
3.47293 1.91863
3.4852 1.9377
3.49748 1.95654
3.50975 1.97513
3.52202 1.99345
3.53429 2.01151
3.54656 2.02928
3.55884 2.04676
3.57111 2.06394
3.58338 2.08079
3.59565 2.09732
3.60792 2.11352
3.62019 2.12936
3.63247 2.14485
3.64474 2.15997
3.65701 2.17471
3.66928 2.18906
3.68155 2.20302
3.69383 2.21658
3.7061 2.22972
3.71837 2.24244
3.73064 2.25473
3.74291 2.26658
3.75518 2.27799
3.76746 2.28895
3.77973 2.29944
3.792 2.30948
3.80427 2.31904
3.81654 2.32812
3.82882 2.33672
3.84109 2.34483
3.85336 2.35245
3.86563 2.35956
3.8779 2.36618
3.89018 2.37228
3.90245 2.37788
3.91472 2.38296
3.92699 2.38753
3.93926 2.39157
3.95153 2.39509
3.96381 2.39808
3.97608 2.40055
3.98835 2.40249
4.00062 2.40389
4.01289 2.40477
4.02517 2.40512
4.03744 2.40493
4.04971 2.40421
4.06198 2.40296
4.07425 2.40118
4.08652 2.39887
4.0988 2.39603
4.11107 2.39267
4.12334 2.38878
4.13561 2.38437
4.14788 2.37945
4.16016 2.374
4.17243 2.36805
4.1847 2.36158
4.19697 2.35461
4.20924 2.34715
4.22152 2.33918
4.23379 2.33073
4.24606 2.32179
4.25833 2.31237
4.2706 2.30248
4.28287 2.29212
4.29515 2.2813
4.30742 2.27002
4.31969 2.2583
4.33196 2.24614
4.34423 2.23355
4.35651 2.22053
4.36878 2.2071
4.38105 2.19326
4.39332 2.17902
4.40559 2.16439
4.41786 2.14938
4.43014 2.13401
4.44241 2.11827
4.45468 2.10218
4.46695 2.08575
4.47922 2.06898
4.4915 2.0519
4.50377 2.03451
4.51604 2.01683
4.52831 1.99885
4.54058 1.98061
4.55285 1.96209
4.56513 1.94333
4.5774 1.92433
4.58967 1.9051
4.60194 1.88565
4.61421 1.86601
4.62649 1.84617
4.63876 1.82616
4.65103 1.80598
4.6633 1.78565
4.67557 1.76519
4.68785 1.74459
4.70012 1.72389
4.71239 1.70309
4.72466 1.68221
4.73693 1.66125
4.7492 1.64024
4.76148 1.61918
4.77375 1.5981
4.78602 1.577
4.79829 1.55589
4.81056 1.5348
4.82284 1.51374
4.83511 1.49271
4.84738 1.47174
4.85965 1.45083
4.87192 1.43001
4.88419 1.40928
4.89647 1.38866
4.90874 1.36816
4.92101 1.34779
4.93328 1.32758
4.94555 1.30752
4.95783 1.28765
4.9701 1.26796
4.98237 1.24847
4.99464 1.22919
5.00691 1.21014
5.01919 1.19133
5.03146 1.17277
5.04373 1.15447
5.056 1.13645
5.06827 1.11871
5.08054 1.10127
5.09282 1.08414
5.10509 1.06732
5.11736 1.05084
5.12963 1.03469
5.1419 1.01888
5.15418 1.00344
5.16645 0.988354
5.17872 0.973644
5.19099 0.959314
5.20326 0.945372
5.21553 0.931824
5.22781 0.918676
5.24008 0.905936
5.25235 0.893606
5.26462 0.881694
5.27689 0.870202
5.28917 0.859135
5.30144 0.848496
5.31371 0.838287
5.32598 0.828512
5.33825 0.819172
5.35052 0.810268
5.3628 0.801802
5.37507 0.793774
5.38734 0.786184
5.39961 0.779032
5.41188 0.772319
5.42416 0.766043
5.43643 0.760203
5.4487 0.754799
5.46097 0.749829
5.47324 0.745292
5.48552 0.741187
5.49779 0.737511
5.51006 0.734265
5.52233 0.731446
5.5346 0.729053
5.54687 0.727086
5.55915 0.725543
5.57142 0.724423
5.58369 0.723726
5.59596 0.723452
5.60823 0.723601
5.62051 0.724172
5.63278 0.725165
5.64505 0.726582
5.65732 0.728424
5.66959 0.73069
5.68186 0.733382
5.69414 0.736501
5.70641 0.740048
5.71868 0.744026
5.73095 0.748434
5.74322 0.753275
5.7555 0.75855
5.76777 0.76426
5.78004 0.770406
5.79231 0.77699
5.80458 0.784011
5.81686 0.79147
5.82913 0.799368
5.8414 0.807704
5.85367 0.816477
5.86594 0.825688
5.87821 0.835334
5.89049 0.845414
5.90276 0.855925
5.91503 0.866865
5.9273 0.878231
5.93957 0.890019
5.95185 0.902225
5.96412 0.914844
5.97639 0.927871
5.98866 0.9413
6.00093 0.955126
6.0132 0.969341
6.02548 0.983939
6.03775 0.998911
6.05002 1.01425
6.06229 1.02995
6.07456 1.046
6.08684 1.06239
6.09911 1.0791
6.11138 1.09614
6.12365 1.11349
6.13592 1.13114
6.14819 1.14908
6.16047 1.1673
6.17274 1.18578
6.18501 1.20452
6.19728 1.2235
6.20955 1.24271
6.22183 1.26214
6.2341 1.28177
6.24637 1.30159
6.25864 1.32159
6.27091 1.34176
