0 1.2705
0.0122718 1.28684
0.0245437 1.30339
0.0368155 1.32015
0.0490874 1.3371
0.0613592 1.35423
0.0736311 1.37153
0.0859029 1.38899
0.0981748 1.40659
0.110447 1.42433
0.122718 1.4422
0.13499 1.46017
0.147262 1.47825
0.159534 1.49642
0.171806 1.51466
0.184078 1.53296
0.19635 1.55132
0.208621 1.56971
0.220893 1.58813
0.233165 1.60657
0.245437 1.62501
0.257709 1.64344
0.269981 1.66184
0.282252 1.68021
0.294524 1.69853
0.306796 1.7168
0.319068 1.73499
0.33134 1.75309
0.343612 1.77111
0.355884 1.78901
0.368155 1.80679
0.380427 1.82444
0.392699 1.84195
0.404971 1.8593
0.417243 1.87649
0.429515 1.8935
0.441786 1.91031
0.454058 1.92693
0.46633 1.94334
0.478602 1.95952
0.490874 1.97547
0.503146 1.99118
0.515418 2.00664
0.527689 2.02183
0.539961 2.03674
0.552233 2.05137
0.564505 2.06571
0.576777 2.07975
0.589049 2.09347
0.60132 2.10688
0.613592 2.11995
0.625864 2.13269
0.638136 2.14508
0.650408 2.15712
0.66268 2.16879
0.674952 2.1801
0.687223 2.19102
0.699495 2.20157
0.711767 2.21172
0.724039 2.22147
0.736311 2.23082
0.748583 2.23976
0.760854 2.24829
0.773126 2.25639
0.785398 2.26407
0.79767 2.27131
0.809942 2.27812
0.822214 2.28449
0.834486 2.29042
0.846757 2.29589
0.859029 2.30092
0.871301 2.30549
0.883573 2.3096
0.895845 2.31325
0.908117 2.31643
0.920388 2.31916
0.93266 2.32141
0.944932 2.3232
0.957204 2.32451
0.969476 2.32536
0.981748 2.32574
0.99402 2.32564
1.00629 2.32507
1.01856 2.32404
1.03084 2.32253
1.04311 2.32055
1.05538 2.31811
1.06765 2.3152
1.07992 2.31182
1.09219 2.30799
1.10447 2.30369
1.11674 2.29894
1.12901 2.29373
1.14128 2.28807
1.15355 2.28197
1.16583 2.27542
1.1781 2.26843
1.19037 2.26101
1.20264 2.25316
1.21491 2.24488
1.22718 2.23619
1.23946 2.22708
1.25173 2.21757
1.264 2.20765
1.27627 2.19734
1.28854 2.18664
1.30082 2.17556
1.31309 2.16411
1.32536 2.15228
1.33763 2.1401
1.3499 2.12757
1.36217 2.1147
1.37445 2.10149
1.38672 2.08795
1.39899 2.0741
1.41126 2.05994
1.42353 2.04548
1.43581 2.03073
1.44808 2.0157
1.46035 2.00041
1.47262 1.98485
1.48489 1.96904
1.49717 1.95299
1.50944 1.93672
1.52171 1.92023
1.53398 1.90353
1.54625 1.88663
1.55852 1.86955
1.5708 1.85229
1.58307 1.83488
1.59534 1.81731
1.60761 1.7996
1.61988 1.78177
1.63216 1.76382
1.64443 1.74577
1.6567 1.72763
1.66897 1.70941
1.68124 1.69112
1.69351 1.67277
1.70579 1.65439
1.71806 1.63597
1.73033 1.61754
1.7426 1.5991
1.75487 1.58067
1.76715 1.56226
1.77942 1.54388
1.79169 1.52554
1.80396 1.50726
1.81623 1.48905
1.82851 1.47092
1.84078 1.45288
1.85305 1.43495
1.86532 1.41713
1.87759 1.39944
1.88986 1.3819
1.90214 1.3645
1.91441 1.34727
1.92668 1.33021
1.93895 1.31334
1.95122 1.29666
1.9635 1.2802
1.97577 1.26395
1.98804 1.24792
2.00031 1.23214
2.01258 1.2166
2.02485 1.20132
2.03713 1.1863
2.0494 1.17156
2.06167 1.15711
2.07394 1.14294
2.08621 1.12907
2.09849 1.11551
2.11076 1.10226
2.12303 1.08934
2.1353 1.07674
2.14757 1.06447
2.15984 1.05254
2.17212 1.04095
2.18439 1.0297
2.19666 1.01881
2.20893 1.00828
2.2212 0.998103
2.23348 0.988287
2.24575 0.978836
2.25802 0.969751
2.27029 0.961034
2.28256 0.952687
2.29484 0.94471
2.30711 0.937104
2.31938 0.929871
2.33165 0.923009
2.34392 0.916519
2.35619 0.910401
2.36847 0.904655
2.38074 0.899278
2.39301 0.894272
2.40528 0.889634
2.41755 0.885365
2.42983 0.881462
2.4421 0.877924
2.45437 0.874752
2.46664 0.871943
2.47891 0.869496
2.49118 0.867412
2.50346 0.865688
2.51573 0.864324
2.528 0.86332
2.54027 0.862675
2.55254 0.862389
2.56482 0.862462
2.57709 0.862893
2.58936 0.863684
2.60163 0.864833
2.6139 0.866343
2.62618 0.868213
2.63845 0.870444
2.65072 0.873037
2.66299 0.875993
2.67526 0.879313
2.68753 0.882999
2.69981 0.88705
2.71208 0.891469
2.72435 0.896255
2.73662 0.901412
2.74889 0.906938
2.76117 0.912835
2.77344 0.919103
2.78571 0.925744
2.79798 0.932756
2.81025 0.94014
2.82252 0.947896
2.8348 0.956023
2.84707 0.964521
2.85934 0.973387
2.87161 0.98262
2.88388 0.992219
2.89616 1.00218
2.90843 1.0125
2.9207 1.02318
2.93297 1.03422
2.94524 1.0456
2.95751 1.05733
2.96979 1.0694
2.98206 1.0818
2.99433 1.09453
3.0066 1.10759
3.01887 1.12097
3.03115 1.13465
3.04342 1.14864
3.05569 1.16293
3.06796 1.1775
3.08023 1.19235
3.09251 1.20748
3.10478 1.22286
3.11705 1.2385
3.12932 1.25439
3.14159 1.2705
3.15386 1.28684
3.16614 1.30339
3.17841 1.32015
3.19068 1.3371
3.20295 1.35423
3.21522 1.37153
3.2275 1.38899
3.23977 1.40659
3.25204 1.42433
3.26431 1.4422
3.27658 1.46017
3.28885 1.47825
3.30113 1.49642
3.3134 1.51466
3.32567 1.53296
3.33794 1.55132
3.35021 1.56971
3.36249 1.58813
3.37476 1.60657
3.38703 1.62501
3.3993 1.64344
3.41157 1.66184
3.42385 1.68021
3.43612 1.69853
3.44839 1.7168
3.46066 1.73499
3.47293 1.75309
3.4852 1.77111
3.49748 1.78901
3.50975 1.80679
3.52202 1.82444
3.53429 1.84195
3.54656 1.8593
3.55884 1.87649
3.57111 1.8935
3.58338 1.91031
3.59565 1.92693
3.60792 1.94334
3.62019 1.95952
3.63247 1.97547
3.64474 1.99118
3.65701 2.00664
3.66928 2.02183
3.68155 2.03674
3.69383 2.05137
3.7061 2.06571
3.71837 2.07975
3.73064 2.09347
3.74291 2.10688
3.75518 2.11995
3.76746 2.13269
3.77973 2.14508
3.792 2.15712
3.80427 2.16879
3.81654 2.1801
3.82882 2.19102
3.84109 2.20157
3.85336 2.21172
3.86563 2.22147
3.8779 2.23082
3.89018 2.23976
3.90245 2.24829
3.91472 2.25639
3.92699 2.26407
3.93926 2.27131
3.95153 2.27812
3.96381 2.28449
3.97608 2.29042
3.98835 2.29589
4.00062 2.30092
4.01289 2.30549
4.02517 2.3096
4.03744 2.31325
4.04971 2.31643
4.06198 2.31916
4.07425 2.32141
4.08652 2.3232
4.0988 2.32451
4.11107 2.32536
4.12334 2.32574
4.13561 2.32564
4.14788 2.32507
4.16016 2.32404
4.17243 2.32253
4.1847 2.32055
4.19697 2.31811
4.20924 2.3152
4.22152 2.31182
4.23379 2.30799
4.24606 2.30369
4.25833 2.29894
4.2706 2.29373
4.28287 2.28807
4.29515 2.28197
4.30742 2.27542
4.31969 2.26843
4.33196 2.26101
4.34423 2.25316
4.35651 2.24488
4.36878 2.23619
4.38105 2.22708
4.39332 2.21757
4.40559 2.20765
4.41786 2.19734
4.43014 2.18664
4.44241 2.17556
4.45468 2.16411
4.46695 2.15228
4.47922 2.1401
4.4915 2.12757
4.50377 2.1147
4.51604 2.10149
4.52831 2.08795
4.54058 2.0741
4.55285 2.05994
4.56513 2.04548
4.5774 2.03073
4.58967 2.0157
4.60194 2.00041
4.61421 1.98485
4.62649 1.96904
4.63876 1.95299
4.65103 1.93672
4.6633 1.92023
4.67557 1.90353
4.68785 1.88663
4.70012 1.86955
4.71239 1.85229
4.72466 1.83488
4.73693 1.81731
4.7492 1.7996
4.76148 1.78177
4.77375 1.76382
4.78602 1.74577
4.79829 1.72763
4.81056 1.70941
4.82284 1.69112
4.83511 1.67277
4.84738 1.65439
4.85965 1.63597
4.87192 1.61754
4.88419 1.5991
4.89647 1.58067
4.90874 1.56226
4.92101 1.54388
4.93328 1.52554
4.94555 1.50726
4.95783 1.48905
4.9701 1.47092
4.98237 1.45288
4.99464 1.43495
5.00691 1.41713
5.01919 1.39944
5.03146 1.3819
5.04373 1.3645
5.056 1.34727
5.06827 1.33021
5.08054 1.31334
5.09282 1.29666
5.10509 1.2802
5.11736 1.26395
5.12963 1.24792
5.1419 1.23214
5.15418 1.2166
5.16645 1.20132
5.17872 1.1863
5.19099 1.17156
5.20326 1.15711
5.21553 1.14294
5.22781 1.12907
5.24008 1.11551
5.25235 1.10226
5.26462 1.08934
5.27689 1.07674
5.28917 1.06447
5.30144 1.05254
5.31371 1.04095
5.32598 1.0297
5.33825 1.01881
5.35052 1.00828
5.3628 0.998103
5.37507 0.988287
5.38734 0.978836
5.39961 0.969751
5.41188 0.961034
5.42416 0.952687
5.43643 0.94471
5.4487 0.937104
5.46097 0.929871
5.47324 0.923009
5.48552 0.916519
5.49779 0.910401
5.51006 0.904655
5.52233 0.899278
5.5346 0.894272
5.54687 0.889634
5.55915 0.885365
5.57142 0.881462
5.58369 0.877924
5.59596 0.874752
5.60823 0.871943
5.62051 0.869496
5.63278 0.867412
5.64505 0.865688
5.65732 0.864324
5.66959 0.86332
5.68186 0.862675
5.69414 0.862389
5.70641 0.862462
5.71868 0.862893
5.73095 0.863684
5.74322 0.864833
5.7555 0.866343
5.76777 0.868213
5.78004 0.870444
5.79231 0.873037
5.80458 0.875993
5.81686 0.879313
5.82913 0.882999
5.8414 0.88705
5.85367 0.891469
5.86594 0.896255
5.87821 0.901412
5.89049 0.906938
5.90276 0.912835
5.91503 0.919103
5.9273 0.925744
5.93957 0.932756
5.95185 0.94014
5.96412 0.947896
5.97639 0.956023
5.98866 0.964521
6.00093 0.973387
6.0132 0.98262
6.02548 0.992219
6.03775 1.00218
6.05002 1.0125
6.06229 1.02318
6.07456 1.03422
6.08684 1.0456
6.09911 1.05733
6.11138 1.0694
6.12365 1.0818
6.13592 1.09453
6.14819 1.10759
6.16047 1.12097
6.17274 1.13465
6.18501 1.14864
6.19728 1.16293
6.20955 1.1775
6.22183 1.19235
6.2341 1.20748
6.24637 1.22286
6.25864 1.2385
6.27091 1.25439
