0 1.21396
0.0122718 1.22656
0.0245437 1.23942
0.0368155 1.25252
0.0490874 1.26587
0.0613592 1.27944
0.0736311 1.29324
0.0859029 1.30725
0.0981748 1.32147
0.110447 1.33589
0.122718 1.3505
0.13499 1.36528
0.147262 1.38024
0.159534 1.39536
0.171806 1.41064
0.184078 1.42605
0.19635 1.4416
0.208621 1.45727
0.220893 1.47305
0.233165 1.48894
0.245437 1.50492
0.257709 1.52097
0.269981 1.5371
0.282252 1.55329
0.294524 1.56953
0.306796 1.58581
0.319068 1.60211
0.33134 1.61843
0.343612 1.63476
0.355884 1.65108
0.368155 1.66738
0.380427 1.68366
0.392699 1.6999
0.404971 1.71609
0.417243 1.73222
0.429515 1.74828
0.441786 1.76426
0.454058 1.78015
0.46633 1.79594
0.478602 1.81161
0.490874 1.82716
0.503146 1.84257
0.515418 1.85784
0.527689 1.87296
0.539961 1.88791
0.552233 1.90269
0.564505 1.91728
0.576777 1.93168
0.589049 1.94587
0.60132 1.95985
0.613592 1.97361
0.625864 1.98714
0.638136 2.00043
0.650408 2.01347
0.66268 2.02625
0.674952 2.03876
0.687223 2.051
0.699495 2.06296
0.711767 2.07462
0.724039 2.08599
0.736311 2.09705
0.748583 2.1078
0.760854 2.11823
0.773126 2.12833
0.785398 2.1381
0.79767 2.14752
0.809942 2.15661
0.822214 2.16534
0.834486 2.17371
0.846757 2.18171
0.859029 2.18935
0.871301 2.19662
0.883573 2.20351
0.895845 2.21001
0.908117 2.21613
0.920388 2.22185
0.93266 2.22719
0.944932 2.23212
0.957204 2.23665
0.969476 2.24078
0.981748 2.2445
0.99402 2.24781
1.00629 2.2507
1.01856 2.25319
1.03084 2.25526
1.04311 2.25691
1.05538 2.25814
1.06765 2.25896
1.07992 2.25936
1.09219 2.25933
1.10447 2.25889
1.11674 2.25803
1.12901 2.25675
1.14128 2.25505
1.15355 2.25294
1.16583 2.25041
1.1781 2.24747
1.19037 2.24411
1.20264 2.24035
1.21491 2.23618
1.22718 2.23161
1.23946 2.22663
1.25173 2.22126
1.264 2.21549
1.27627 2.20933
1.28854 2.20278
1.30082 2.19586
1.31309 2.18855
1.32536 2.18087
1.33763 2.17282
1.3499 2.16441
1.36217 2.15565
1.37445 2.14653
1.38672 2.13706
1.39899 2.12726
1.41126 2.11712
1.42353 2.10666
1.43581 2.09588
1.44808 2.08478
1.46035 2.07338
1.47262 2.06168
1.48489 2.0497
1.49717 2.03743
1.50944 2.02488
1.52171 2.01208
1.53398 1.99901
1.54625 1.9857
1.55852 1.97214
1.5708 1.95836
1.58307 1.94436
1.59534 1.93014
1.60761 1.91572
1.61988 1.90111
1.63216 1.88631
1.64443 1.87134
1.6567 1.85621
1.66897 1.84092
1.68124 1.82549
1.69351 1.80993
1.70579 1.79424
1.71806 1.77845
1.73033 1.76255
1.7426 1.74656
1.75487 1.73049
1.76715 1.71435
1.77942 1.69815
1.79169 1.68191
1.80396 1.66563
1.81623 1.64932
1.82851 1.633
1.84078 1.61667
1.85305 1.60035
1.86532 1.58405
1.87759 1.56778
1.88986 1.55155
1.90214 1.53536
1.91441 1.51924
1.92668 1.50319
1.93895 1.48722
1.95122 1.47135
1.9635 1.45558
1.97577 1.43992
1.98804 1.42439
2.00031 1.40899
2.01258 1.39373
2.02485 1.37862
2.03713 1.36368
2.0494 1.34891
2.06167 1.33433
2.07394 1.31993
2.08621 1.30573
2.09849 1.29174
2.11076 1.27797
2.12303 1.26442
2.1353 1.2511
2.14757 1.23802
2.15984 1.22519
2.17212 1.21261
2.18439 1.2003
2.19666 1.18825
2.20893 1.17647
2.2212 1.16497
2.23348 1.15375
2.24575 1.14282
2.25802 1.13219
2.27029 1.12185
2.28256 1.11182
2.29484 1.10209
2.30711 1.09267
2.31938 1.08357
2.33165 1.07477
2.34392 1.0663
2.35619 1.05815
2.36847 1.05032
2.38074 1.04281
2.39301 1.03563
2.40528 1.02877
2.41755 1.02225
2.42983 1.01605
2.4421 1.01017
2.45437 1.00463
2.46664 0.999418
2.47891 0.994534
2.49118 0.989978
2.50346 0.985752
2.51573 0.981853
2.528 0.978284
2.54027 0.975042
2.55254 0.972127
2.56482 0.96954
2.57709 0.967279
2.58936 0.965345
2.60163 0.963736
2.6139 0.962453
2.62618 0.961496
2.63845 0.960863
2.65072 0.960556
2.66299 0.960573
2.67526 0.960915
2.68753 0.961583
2.69981 0.962576
2.71208 0.963893
2.72435 0.965537
2.73662 0.967507
2.74889 0.969802
2.76117 0.972425
2.77344 0.975375
2.78571 0.978652
2.79798 0.982257
2.81025 0.986191
2.82252 0.990453
2.8348 0.995044
2.84707 0.999964
2.85934 1.00521
2.87161 1.01079
2.88388 1.0167
2.89616 1.02293
2.90843 1.0295
2.9207 1.03639
2.93297 1.0436
2.94524 1.05115
2.95751 1.05901
2.96979 1.0672
2.98206 1.07571
2.99433 1.08453
3.0066 1.09367
3.01887 1.10312
3.03115 1.11288
3.04342 1.12295
3.05569 1.13332
3.06796 1.14398
3.08023 1.15494
3.09251 1.16619
3.10478 1.17772
3.11705 1.18953
3.12932 1.20161
3.14159 1.21396
3.15386 1.22656
3.16614 1.23942
3.17841 1.25252
3.19068 1.26587
3.20295 1.27944
3.21522 1.29324
3.2275 1.30725
3.23977 1.32147
3.25204 1.33589
3.26431 1.3505
3.27658 1.36528
3.28885 1.38024
3.30113 1.39536
3.3134 1.41064
3.32567 1.42605
3.33794 1.4416
3.35021 1.45727
3.36249 1.47305
3.37476 1.48894
3.38703 1.50492
3.3993 1.52097
3.41157 1.5371
3.42385 1.55329
3.43612 1.56953
3.44839 1.58581
3.46066 1.60211
3.47293 1.61843
3.4852 1.63476
3.49748 1.65108
3.50975 1.66738
3.52202 1.68366
3.53429 1.6999
3.54656 1.71609
3.55884 1.73222
3.57111 1.74828
3.58338 1.76426
3.59565 1.78015
3.60792 1.79594
3.62019 1.81161
3.63247 1.82716
3.64474 1.84257
3.65701 1.85784
3.66928 1.87296
3.68155 1.88791
3.69383 1.90269
3.7061 1.91728
3.71837 1.93168
3.73064 1.94587
3.74291 1.95985
3.75518 1.97361
3.76746 1.98714
3.77973 2.00043
3.792 2.01347
3.80427 2.02625
3.81654 2.03876
3.82882 2.051
3.84109 2.06296
3.85336 2.07462
3.86563 2.08599
3.8779 2.09705
3.89018 2.1078
3.90245 2.11823
3.91472 2.12833
3.92699 2.1381
3.93926 2.14752
3.95153 2.15661
3.96381 2.16534
3.97608 2.17371
3.98835 2.18171
4.00062 2.18935
4.01289 2.19662
4.02517 2.20351
4.03744 2.21001
4.04971 2.21613
4.06198 2.22185
4.07425 2.22719
4.08652 2.23212
4.0988 2.23665
4.11107 2.24078
4.12334 2.2445
4.13561 2.24781
4.14788 2.2507
4.16016 2.25319
4.17243 2.25526
4.1847 2.25691
4.19697 2.25814
4.20924 2.25896
4.22152 2.25936
4.23379 2.25933
4.24606 2.25889
4.25833 2.25803
4.2706 2.25675
4.28287 2.25505
4.29515 2.25294
4.30742 2.25041
4.31969 2.24747
4.33196 2.24411
4.34423 2.24035
4.35651 2.23618
4.36878 2.23161
4.38105 2.22663
4.39332 2.22126
4.40559 2.21549
4.41786 2.20933
4.43014 2.20278
4.44241 2.19586
4.45468 2.18855
4.46695 2.18087
4.47922 2.17282
4.4915 2.16441
4.50377 2.15565
4.51604 2.14653
4.52831 2.13706
4.54058 2.12726
4.55285 2.11712
4.56513 2.10666
4.5774 2.09588
4.58967 2.08478
4.60194 2.07338
4.61421 2.06168
4.62649 2.0497
4.63876 2.03743
4.65103 2.02488
4.6633 2.01208
4.67557 1.99901
4.68785 1.9857
4.70012 1.97214
4.71239 1.95836
4.72466 1.94436
4.73693 1.93014
4.7492 1.91572
4.76148 1.90111
4.77375 1.88631
4.78602 1.87134
4.79829 1.85621
4.81056 1.84092
4.82284 1.82549
4.83511 1.80993
4.84738 1.79424
4.85965 1.77845
4.87192 1.76255
4.88419 1.74656
4.89647 1.73049
4.90874 1.71435
4.92101 1.69815
4.93328 1.68191
4.94555 1.66563
4.95783 1.64932
4.9701 1.633
4.98237 1.61667
4.99464 1.60035
5.00691 1.58405
5.01919 1.56778
5.03146 1.55155
5.04373 1.53536
5.056 1.51924
5.06827 1.50319
5.08054 1.48722
5.09282 1.47135
5.10509 1.45558
5.11736 1.43992
5.12963 1.42439
5.1419 1.40899
5.15418 1.39373
5.16645 1.37862
5.17872 1.36368
5.19099 1.34891
5.20326 1.33433
5.21553 1.31993
5.22781 1.30573
5.24008 1.29174
5.25235 1.27797
5.26462 1.26442
5.27689 1.2511
5.28917 1.23802
5.30144 1.22519
5.31371 1.21261
5.32598 1.2003
5.33825 1.18825
5.35052 1.17647
5.3628 1.16497
5.37507 1.15375
5.38734 1.14282
5.39961 1.13219
5.41188 1.12185
5.42416 1.11182
5.43643 1.10209
5.4487 1.09267
5.46097 1.08357
5.47324 1.07477
5.48552 1.0663
5.49779 1.05815
5.51006 1.05032
5.52233 1.04281
5.5346 1.03563
5.54687 1.02877
5.55915 1.02225
5.57142 1.01605
5.58369 1.01017
5.59596 1.00463
5.60823 0.999418
5.62051 0.994534
5.63278 0.989978
5.64505 0.985752
5.65732 0.981853
5.66959 0.978284
5.68186 0.975042
5.69414 0.972127
5.70641 0.96954
5.71868 0.967279
5.73095 0.965345
5.74322 0.963736
5.7555 0.962453
5.76777 0.961496
5.78004 0.960863
5.79231 0.960556
5.80458 0.960573
5.81686 0.960915
5.82913 0.961583
5.8414 0.962576
5.85367 0.963893
5.86594 0.965537
5.87821 0.967507
5.89049 0.969802
5.90276 0.972425
5.91503 0.975375
5.9273 0.978652
5.93957 0.982257
5.95185 0.986191
5.96412 0.990453
5.97639 0.995044
5.98866 0.999964
6.00093 1.00521
6.0132 1.01079
6.02548 1.0167
6.03775 1.02293
6.05002 1.0295
6.06229 1.03639
6.07456 1.0436
6.08684 1.05115
6.09911 1.05901
6.11138 1.0672
6.12365 1.07571
6.13592 1.08453
6.14819 1.09367
6.16047 1.10312
6.17274 1.11288
6.18501 1.12295
6.19728 1.13332
6.20955 1.14398
6.22183 1.15494
6.2341 1.16619
6.24637 1.17772
6.25864 1.18953
6.27091 1.20161
