0 1.13888
0.0122718 1.26569
0.0245437 1.26692
0.0368155 1.29716
0.0490874 1.27531
0.0613592 1.34944
0.0736311 1.32187
0.0859029 1.3424
0.0981748 1.34948
0.110447 1.46024
0.122718 1.46347
0.13499 1.48126
0.147262 1.4797
0.159534 1.53354
0.171806 1.51429
0.184078 1.52918
0.19635 1.55454
0.208621 1.63211
0.220893 1.63061
0.233165 1.63431
0.245437 1.6389
0.257709 1.67378
0.269981 1.65722
0.282252 1.6664
0.294524 1.69878
0.306796 1.75972
0.319068 1.75842
0.33134 1.75732
0.343612 1.77073
0.355884 1.79839
0.368155 1.7887
0.380427 1.79874
0.392699 1.84587
0.404971 1.89409
0.417243 1.89489
0.429515 1.88846
0.441786 1.91243
0.454058 1.92858
0.46633 1.92572
0.478602 1.93367
0.490874 1.99085
0.503146 2.01858
0.515418 2.01868
0.527689 2.00502
0.539961 2.0346
0.552233 2.03683
0.564505 2.03803
0.576777 2.04164
0.589049 2.10102
0.60132 2.11033
0.613592 2.10945
0.625864 2.09122
0.638136 2.1244
0.650408 2.11861
0.66268 2.12489
0.674952 2.12861
0.687223 2.19574
0.699495 2.1958
0.711767 2.19908
0.724039 2.18004
0.736311 2.22395
0.748583 2.21101
0.760854 2.22694
0.773126 2.23158
0.785398 2.30878
0.79767 2.28759
0.809942 2.29147
0.822214 2.26619
0.834486 2.31474
0.846757 2.28458
0.859029 2.30548
0.871301 2.3038
0.883573 2.37406
0.895845 2.32487
0.908117 2.3252
0.920388 2.29474
0.93266 2.33741
0.944932 2.29436
0.957204 2.31563
0.969476 2.30859
0.981748 2.36412
0.99402 2.30279
1.00629 2.30355
1.01856 2.27629
1.03084 2.31508
1.04311 2.27221
1.05538 2.29682
1.06765 2.29181
1.07992 2.34242
1.09219 2.27899
1.10447 2.2831
1.11674 2.25953
1.12901 2.29777
1.14128 2.25262
1.15355 2.27989
1.16583 2.27381
1.1781 2.31579
1.19037 2.24177
1.20264 2.24471
1.21491 2.22138
1.22718 2.25295
1.23946 2.20294
1.25173 2.22934
1.264 2.22014
1.27627 2.2463
1.28854 2.16549
1.30082 2.16743
1.31309 2.14741
1.32536 2.17002
1.33763 2.12094
1.3499 2.146
1.36217 2.13664
1.37445 2.14898
1.38672 2.07084
1.39899 2.07491
1.41126 2.06162
1.42353 2.07916
1.43581 2.03466
1.44808 2.06045
1.46035 2.05244
1.47262 2.05338
1.48489 1.97344
1.49717 1.97634
1.50944 1.96542
1.52171 1.9713
1.53398 1.92424
1.54625 1.94389
1.55852 1.92995
1.5708 1.9017
1.58307 1.81799
1.59534 1.8153
1.60761 1.80927
1.61988 1.79304
1.63216 1.75318
1.64443 1.76233
1.6567 1.74673
1.66897 1.68712
1.68124 1.62507
1.69351 1.62309
1.70579 1.6313
1.71806 1.59984
1.73033 1.58276
1.7426 1.58551
1.75487 1.57724
1.76715 1.50712
1.77942 1.47856
1.79169 1.48052
1.80396 1.4994
1.81623 1.46338
1.82851 1.46194
1.84078 1.45935
1.85305 1.45358
1.86532 1.37711
1.87759 1.36307
1.88986 1.36107
1.90214 1.38095
1.91441 1.33451
1.92668 1.33978
1.93895 1.32771
1.95122 1.32046
1.9635 1.23097
1.97577 1.23467
1.98804 1.23054
2.00031 1.25536
2.01258 1.20097
2.02485 1.21975
2.03713 1.20132
2.0494 1.19743
2.06167 1.10542
2.07394 1.13231
2.08621 1.1292
2.09849 1.15839
2.11076 1.10423
2.12303 1.13398
2.1353 1.11335
2.14757 1.11323
2.15984 1.02855
2.17212 1.06714
2.18439 1.06348
2.19666 1.09135
2.20893 1.03818
2.2212 1.06886
2.23348 1.0447
2.24575 1.04268
2.25802 0.955549
2.27029 0.996616
2.28256 0.989054
2.29484 1.01575
2.30711 0.956659
2.31938 0.991865
2.33165 0.962502
2.34392 0.961157
2.35619 0.869472
2.36847 0.927275
2.38074 0.92129
2.39301 0.953036
2.40528 0.894764
2.41755 0.941321
2.42983 0.911936
2.4421 0.916174
2.45437 0.834492
2.46664 0.906565
2.47891 0.904039
2.49118 0.937499
2.50346 0.887425
2.51573 0.937584
2.528 0.911552
2.54027 0.918879
2.55254 0.850242
2.56482 0.920448
2.57709 0.918051
2.58936 0.948329
2.60163 0.901629
2.6139 0.947759
2.62618 0.921158
2.63845 0.926202
2.65072 0.854863
2.66299 0.922836
2.67526 0.918085
2.68753 0.948337
2.69981 0.896585
2.71208 0.946814
2.72435 0.916415
2.73662 0.922344
2.74889 0.845357
2.76117 0.928705
2.77344 0.925437
2.78571 0.960856
2.79798 0.908007
2.81025 0.969476
2.82252 0.937286
2.8348 0.94767
2.84707 0.876753
2.85934 0.976668
2.87161 0.975756
2.88388 1.01324
2.89616 0.96546
2.90843 1.03297
2.9207 1.00078
2.93297 1.01351
2.94524 0.953778
2.95751 1.05797
2.96979 1.05544
2.98206 1.08879
2.99433 1.04222
3.0066 1.10869
3.01887 1.07146
3.03115 1.08137
3.04342 1.02436
3.05569 1.13612
3.06796 1.13133
3.08023 1.1631
3.09251 1.1193
3.10478 1.19371
3.11705 1.15569
3.12932 1.1711
3.14159 1.13888
3.15386 1.26569
3.16614 1.26692
3.17841 1.29716
3.19068 1.27531
3.20295 1.34944
3.21522 1.32187
3.2275 1.3424
3.23977 1.34948
3.25204 1.46024
3.26431 1.46347
3.27658 1.48126
3.28885 1.4797
3.30113 1.53354
3.3134 1.51429
3.32567 1.52918
3.33794 1.55454
3.35021 1.63211
3.36249 1.63061
3.37476 1.63431
3.38703 1.6389
3.3993 1.67378
3.41157 1.65722
3.42385 1.6664
3.43612 1.69878
3.44839 1.75972
3.46066 1.75842
3.47293 1.75732
3.4852 1.77073
3.49748 1.79839
3.50975 1.7887
3.52202 1.79874
3.53429 1.84587
3.54656 1.89409
3.55884 1.89489
3.57111 1.88846
3.58338 1.91243
3.59565 1.92858
3.60792 1.92572
3.62019 1.93367
3.63247 1.99085
3.64474 2.01858
3.65701 2.01868
3.66928 2.00502
3.68155 2.0346
3.69383 2.03683
3.7061 2.03803
3.71837 2.04164
3.73064 2.10102
3.74291 2.11033
3.75518 2.10945
3.76746 2.09122
3.77973 2.1244
3.792 2.11861
3.80427 2.12489
3.81654 2.12861
3.82882 2.19574
3.84109 2.1958
3.85336 2.19908
3.86563 2.18004
3.8779 2.22395
3.89018 2.21101
3.90245 2.22694
3.91472 2.23158
3.92699 2.30878
3.93926 2.28759
3.95153 2.29147
3.96381 2.26619
3.97608 2.31474
3.98835 2.28458
4.00062 2.30548
4.01289 2.3038
4.02517 2.37406
4.03744 2.32487
4.04971 2.3252
4.06198 2.29474
4.07425 2.33741
4.08652 2.29436
4.0988 2.31563
4.11107 2.30859
4.12334 2.36412
4.13561 2.30279
4.14788 2.30355
4.16016 2.27629
4.17243 2.31508
4.1847 2.27221
4.19697 2.29682
4.20924 2.29181
4.22152 2.34242
4.23379 2.27899
4.24606 2.2831
4.25833 2.25953
4.2706 2.29777
4.28287 2.25262
4.29515 2.27989
4.30742 2.27381
4.31969 2.31579
4.33196 2.24177
4.34423 2.24471
4.35651 2.22138
4.36878 2.25295
4.38105 2.20294
4.39332 2.22934
4.40559 2.22014
4.41786 2.2463
4.43014 2.16549
4.44241 2.16743
4.45468 2.14741
4.46695 2.17002
4.47922 2.12094
4.4915 2.146
4.50377 2.13664
4.51604 2.14898
4.52831 2.07084
4.54058 2.07491
4.55285 2.06162
4.56513 2.07916
4.5774 2.03466
4.58967 2.06045
4.60194 2.05244
4.61421 2.05338
4.62649 1.97344
4.63876 1.97634
4.65103 1.96542
4.6633 1.9713
4.67557 1.92424
4.68785 1.94389
4.70012 1.92995
4.71239 1.9017
4.72466 1.81799
4.73693 1.8153
4.7492 1.80927
4.76148 1.79304
4.77375 1.75318
4.78602 1.76233
4.79829 1.74673
4.81056 1.68712
4.82284 1.62507
4.83511 1.62309
4.84738 1.6313
4.85965 1.59984
4.87192 1.58276
4.88419 1.58551
4.89647 1.57724
4.90874 1.50712
4.92101 1.47856
4.93328 1.48052
4.94555 1.4994
4.95783 1.46338
4.9701 1.46194
4.98237 1.45935
4.99464 1.45358
5.00691 1.37711
5.01919 1.36307
5.03146 1.36107
5.04373 1.38095
5.056 1.33451
5.06827 1.33978
5.08054 1.32771
5.09282 1.32046
5.10509 1.23097
5.11736 1.23467
5.12963 1.23054
5.1419 1.25536
5.15418 1.20097
5.16645 1.21975
5.17872 1.20132
5.19099 1.19743
5.20326 1.10542
5.21553 1.13231
5.22781 1.1292
5.24008 1.15839
5.25235 1.10423
5.26462 1.13398
5.27689 1.11335
5.28917 1.11323
5.30144 1.02855
5.31371 1.06714
5.32598 1.06348
5.33825 1.09135
5.35052 1.03818
5.3628 1.06886
5.37507 1.0447
5.38734 1.04268
5.39961 0.955549
5.41188 0.996616
5.42416 0.989054
5.43643 1.01575
5.4487 0.956659
5.46097 0.991865
5.47324 0.962502
5.48552 0.961157
5.49779 0.869472
5.51006 0.927275
5.52233 0.92129
5.5346 0.953036
5.54687 0.894764
5.55915 0.941321
5.57142 0.911936
5.58369 0.916174
5.59596 0.834492
5.60823 0.906565
5.62051 0.904039
5.63278 0.937499
5.64505 0.887425
5.65732 0.937584
5.66959 0.911552
5.68186 0.918879
5.69414 0.850242
5.70641 0.920448
5.71868 0.918051
5.73095 0.948329
5.74322 0.901629
5.7555 0.947759
5.76777 0.921158
5.78004 0.926202
5.79231 0.854863
5.80458 0.922836
5.81686 0.918085
5.82913 0.948337
5.8414 0.896585
5.85367 0.946814
5.86594 0.916415
5.87821 0.922344
5.89049 0.845357
5.90276 0.928705
5.91503 0.925437
5.9273 0.960856
5.93957 0.908007
5.95185 0.969476
5.96412 0.937286
5.97639 0.94767
5.98866 0.876753
6.00093 0.976668
6.0132 0.975756
6.02548 1.01324
6.03775 0.96546
6.05002 1.03297
6.06229 1.00078
6.07456 1.01351
6.08684 0.953778
6.09911 1.05797
6.11138 1.05544
6.12365 1.08879
6.13592 1.04222
6.14819 1.10869
6.16047 1.07146
6.17274 1.08137
6.18501 1.02436
6.19728 1.13612
6.20955 1.13133
6.22183 1.1631
6.2341 1.1193
6.24637 1.19371
6.25864 1.15569
6.27091 1.1711
