0 1.30133
0.0122718 1.38404
0.0245437 1.40553
0.0368155 1.42965
0.0490874 1.44865
0.0613592 1.4916
0.0736311 1.49212
0.0859029 1.50625
0.0981748 1.53524
0.110447 1.58562
0.122718 1.59416
0.13499 1.60118
0.147262 1.61736
0.159534 1.64708
0.171806 1.6503
0.184078 1.66542
0.19635 1.70746
0.208621 1.75358
0.220893 1.76749
0.233165 1.77253
0.245437 1.79616
0.257709 1.81407
0.269981 1.81691
0.282252 1.82349
0.294524 1.86167
0.306796 1.88988
0.319068 1.89887
0.33134 1.89895
0.343612 1.92777
0.355884 1.94529
0.368155 1.95899
0.380427 1.97427
0.392699 2.03085
0.404971 2.05605
0.417243 2.07031
0.429515 2.0666
0.441786 2.09861
0.454058 2.09888
0.46633 2.1079
0.478602 2.11029
0.490874 2.15494
0.503146 2.15843
0.515418 2.1657
0.527689 2.1572
0.539961 2.19033
0.552233 2.18924
0.564505 2.20597
0.576777 2.21398
0.589049 2.26756
0.60132 2.26618
0.613592 2.27538
0.625864 2.26357
0.638136 2.29609
0.650408 2.283
0.66268 2.29711
0.674952 2.29849
0.687223 2.34647
0.699495 2.33469
0.711767 2.34515
0.724039 2.3359
0.736311 2.37611
0.748583 2.36431
0.760854 2.38849
0.773126 2.39406
0.785398 2.44424
0.79767 2.41599
0.809942 2.4189
0.822214 2.39804
0.834486 2.42347
0.846757 2.39112
0.859029 2.40345
0.871301 2.39635
0.883573 2.42751
0.895845 2.38977
0.908117 2.39217
0.920388 2.37651
0.93266 2.40297
0.944932 2.3754
0.957204 2.39291
0.969476 2.38883
0.981748 2.4146
0.99402 2.36937
1.00629 2.36662
1.01856 2.34687
1.03084 2.3624
1.04311 2.32868
1.05538 2.34171
1.06765 2.33596
1.07992 2.35469
1.09219 2.31265
1.10447 2.31515
1.11674 2.3033
1.12901 2.32126
1.14128 2.29005
1.15355 2.30398
1.16583 2.29518
1.1781 2.29875
1.19037 2.24165
1.20264 2.23147
1.21491 2.21137
1.22718 2.21047
1.23946 2.17353
1.25173 2.18002
1.264 2.1705
1.27627 2.16503
1.28854 2.11881
1.30082 2.11596
1.31309 2.10711
1.32536 2.10774
1.33763 2.07746
1.3499 2.08346
1.36217 2.07211
1.37445 2.05218
1.38672 1.9991
1.39899 1.98747
1.41126 1.97573
1.42353 1.96271
1.43581 1.93393
1.44808 1.9362
1.46035 1.92746
1.47262 1.90076
1.48489 1.85744
1.49717 1.84858
1.50944 1.84201
1.52171 1.81992
1.53398 1.78906
1.54625 1.77847
1.55852 1.75752
1.5708 1.69867
1.58307 1.64843
1.59534 1.62689
1.60761 1.62155
1.61988 1.5836
1.63216 1.56877
1.64443 1.55876
1.6567 1.55099
1.66897 1.4965
1.68124 1.47647
1.69351 1.46592
1.70579 1.4718
1.71806 1.43268
1.73033 1.42407
1.7426 1.40577
1.75487 1.39262
1.76715 1.32297
1.77942 1.309
1.79169 1.29496
1.80396 1.30589
1.81623 1.26403
1.82851 1.2711
1.84078 1.25602
1.85305 1.25225
1.86532 1.18844
1.87759 1.18854
1.88986 1.17423
1.90214 1.18318
1.91441 1.13009
1.92668 1.13279
1.93895 1.10205
1.95122 1.08819
1.9635 1.00479
1.97577 1.01723
1.98804 1.00428
2.00031 1.02523
2.01258 0.978308
2.02485 1.00613
2.03713 0.986803
2.0494 0.989259
2.06167 0.925909
2.07394 0.953909
2.08621 0.943654
2.09849 0.960618
2.11076 0.909847
2.12303 0.930317
2.1353 0.900198
2.14757 0.894302
2.15984 0.821464
2.17212 0.855731
2.18439 0.846675
2.19666 0.870114
2.20893 0.825223
2.2212 0.858942
2.23348 0.83514
2.24575 0.836276
2.25802 0.770951
2.27029 0.807729
2.28256 0.793773
2.29484 0.810059
2.30711 0.75292
2.31938 0.7816
2.33165 0.745323
2.34392 0.741838
2.35619 0.668388
2.36847 0.728083
2.38074 0.725692
2.39301 0.758987
2.40528 0.721376
2.41755 0.772424
2.42983 0.753191
2.4421 0.763634
2.45437 0.714627
2.46664 0.771236
2.47891 0.7663
2.49118 0.788801
2.50346 0.746541
2.51573 0.78524
2.528 0.75781
2.54027 0.761915
2.55254 0.709948
2.56482 0.773018
2.57709 0.773414
2.58936 0.803124
2.60163 0.771414
2.6139 0.818978
2.62618 0.798502
2.63845 0.806255
2.65072 0.759771
2.66299 0.816949
2.67526 0.809663
2.68753 0.829987
2.69981 0.786326
2.71208 0.829637
2.72435 0.799684
2.73662 0.806372
2.74889 0.762771
2.76117 0.844321
2.77344 0.851932
2.78571 0.887665
2.79798 0.867507
2.81025 0.926375
2.82252 0.911308
2.8348 0.925743
2.84707 0.900862
2.85934 0.970511
2.87161 0.970532
2.88388 0.991853
2.89616 0.965439
2.90843 1.01288
2.9207 0.991234
2.93297 1.00245
2.94524 0.985853
2.95751 1.06572
2.96979 1.07507
2.98206 1.10255
2.99433 1.09303
3.0066 1.14457
3.01887 1.13002
3.03115 1.14128
3.04342 1.13439
3.05569 1.20278
3.06796 1.2054
3.08023 1.22246
3.09251 1.21452
3.10478 1.26428
3.11705 1.25565
3.12932 1.27644
3.14159 1.30133
3.15386 1.38404
3.16614 1.40553
3.17841 1.42965
3.19068 1.44865
3.20295 1.4916
3.21522 1.49212
3.2275 1.50625
3.23977 1.53524
3.25204 1.58562
3.26431 1.59416
3.27658 1.60118
3.28885 1.61736
3.30113 1.64708
3.3134 1.6503
3.32567 1.66542
3.33794 1.70746
3.35021 1.75358
3.36249 1.76749
3.37476 1.77253
3.38703 1.79616
3.3993 1.81407
3.41157 1.81691
3.42385 1.82349
3.43612 1.86167
3.44839 1.88988
3.46066 1.89887
3.47293 1.89895
3.4852 1.92777
3.49748 1.94529
3.50975 1.95899
3.52202 1.97427
3.53429 2.03085
3.54656 2.05605
3.55884 2.07031
3.57111 2.0666
3.58338 2.09861
3.59565 2.09888
3.60792 2.1079
3.62019 2.11029
3.63247 2.15494
3.64474 2.15843
3.65701 2.1657
3.66928 2.1572
3.68155 2.19033
3.69383 2.18924
3.7061 2.20597
3.71837 2.21398
3.73064 2.26756
3.74291 2.26618
3.75518 2.27538
3.76746 2.26357
3.77973 2.29609
3.792 2.283
3.80427 2.29711
3.81654 2.29849
3.82882 2.34647
3.84109 2.33469
3.85336 2.34515
3.86563 2.3359
3.8779 2.37611
3.89018 2.36431
3.90245 2.38849
3.91472 2.39406
3.92699 2.44424
3.93926 2.41599
3.95153 2.4189
3.96381 2.39804
3.97608 2.42347
3.98835 2.39112
4.00062 2.40345
4.01289 2.39635
4.02517 2.42751
4.03744 2.38977
4.04971 2.39217
4.06198 2.37651
4.07425 2.40297
4.08652 2.3754
4.0988 2.39291
4.11107 2.38883
4.12334 2.4146
4.13561 2.36937
4.14788 2.36662
4.16016 2.34687
4.17243 2.3624
4.1847 2.32868
4.19697 2.34171
4.20924 2.33596
4.22152 2.35469
4.23379 2.31265
4.24606 2.31515
4.25833 2.3033
4.2706 2.32126
4.28287 2.29005
4.29515 2.30398
4.30742 2.29518
4.31969 2.29875
4.33196 2.24165
4.34423 2.23147
4.35651 2.21137
4.36878 2.21047
4.38105 2.17353
4.39332 2.18002
4.40559 2.1705
4.41786 2.16503
4.43014 2.11881
4.44241 2.11596
4.45468 2.10711
4.46695 2.10774
4.47922 2.07746
4.4915 2.08346
4.50377 2.07211
4.51604 2.05218
4.52831 1.9991
4.54058 1.98747
4.55285 1.97573
4.56513 1.96271
4.5774 1.93393
4.58967 1.9362
4.60194 1.92746
4.61421 1.90076
4.62649 1.85744
4.63876 1.84858
4.65103 1.84201
4.6633 1.81992
4.67557 1.78906
4.68785 1.77847
4.70012 1.75752
4.71239 1.69867
4.72466 1.64843
4.73693 1.62689
4.7492 1.62155
4.76148 1.5836
4.77375 1.56877
4.78602 1.55876
4.79829 1.55099
4.81056 1.4965
4.82284 1.47647
4.83511 1.46592
4.84738 1.4718
4.85965 1.43268
4.87192 1.42407
4.88419 1.40577
4.89647 1.39262
4.90874 1.32297
4.92101 1.309
4.93328 1.29496
4.94555 1.30589
4.95783 1.26403
4.9701 1.2711
4.98237 1.25602
4.99464 1.25225
5.00691 1.18844
5.01919 1.18854
5.03146 1.17423
5.04373 1.18318
5.056 1.13009
5.06827 1.13279
5.08054 1.10205
5.09282 1.08819
5.10509 1.00479
5.11736 1.01723
5.12963 1.00428
5.1419 1.02523
5.15418 0.978308
5.16645 1.00613
5.17872 0.986803
5.19099 0.989259
5.20326 0.925909
5.21553 0.953909
5.22781 0.943654
5.24008 0.960618
5.25235 0.909847
5.26462 0.930317
5.27689 0.900198
5.28917 0.894302
5.30144 0.821464
5.31371 0.855731
5.32598 0.846675
5.33825 0.870114
5.35052 0.825223
5.3628 0.858942
5.37507 0.83514
5.38734 0.836276
5.39961 0.770951
5.41188 0.807729
5.42416 0.793773
5.43643 0.810059
5.4487 0.75292
5.46097 0.7816
5.47324 0.745323
5.48552 0.741838
5.49779 0.668388
5.51006 0.728083
5.52233 0.725692
5.5346 0.758987
5.54687 0.721376
5.55915 0.772424
5.57142 0.753191
5.58369 0.763634
5.59596 0.714627
5.60823 0.771236
5.62051 0.7663
5.63278 0.788801
5.64505 0.746541
5.65732 0.78524
5.66959 0.75781
5.68186 0.761915
5.69414 0.709948
5.70641 0.773018
5.71868 0.773414
5.73095 0.803124
5.74322 0.771414
5.7555 0.818978
5.76777 0.798502
5.78004 0.806255
5.79231 0.759771
5.80458 0.816949
5.81686 0.809663
5.82913 0.829987
5.8414 0.786326
5.85367 0.829637
5.86594 0.799684
5.87821 0.806372
5.89049 0.762771
5.90276 0.844321
5.91503 0.851932
5.9273 0.887665
5.93957 0.867507
5.95185 0.926375
5.96412 0.911308
5.97639 0.925743
5.98866 0.900862
6.00093 0.970511
6.0132 0.970532
6.02548 0.991853
6.03775 0.965439
6.05002 1.01288
6.06229 0.991234
6.07456 1.00245
6.08684 0.985853
6.09911 1.06572
6.11138 1.07507
6.12365 1.10255
6.13592 1.09303
6.14819 1.14457
6.16047 1.13002
6.17274 1.14128
6.18501 1.13439
6.19728 1.20278
6.20955 1.2054
6.22183 1.22246
6.2341 1.21452
6.24637 1.26428
6.25864 1.25565
6.27091 1.27644
