0 1.5
0.0122718 1.60923
0.0245437 1.62847
0.0368155 1.63775
0.0490874 1.66675
0.0613592 1.69966
0.0736311 1.69144
0.0859029 1.69403
0.0981748 1.74241
0.110447 1.78506
0.122718 1.7848
0.13499 1.77279
0.147262 1.79669
0.159534 1.81477
0.171806 1.81351
0.184078 1.82058
0.19635 1.88865
0.208621 1.92346
0.220893 1.93028
0.233165 1.91418
0.245437 1.94649
0.257709 1.94437
0.269981 1.94255
0.282252 1.93749
0.294524 1.9943
0.306796 2.00687
0.319068 2.01027
0.33134 1.99336
0.343612 2.03442
0.355884 2.03758
0.368155 2.053
0.380427 2.06211
0.392699 2.15044
0.404971 2.15228
0.417243 2.16068
0.429515 2.13456
0.441786 2.17793
0.454058 2.15114
0.46633 2.1603
0.478602 2.15136
0.490874 2.21484
0.503146 2.1911
0.515418 2.19467
0.527689 2.17057
0.539961 2.21671
0.552233 2.19646
0.564505 2.21822
0.576777 2.21995
0.589049 2.29896
0.60132 2.26802
0.613592 2.2738
0.625864 2.24477
0.638136 2.2896
0.650408 2.25273
0.66268 2.27215
0.674952 2.26664
0.687223 2.33721
0.699495 2.2975
0.711767 2.30943
0.724039 2.2883
0.736311 2.3487
0.748583 2.31537
0.760854 2.35264
0.773126 2.35417
0.785398 2.42916
0.79767 2.35417
0.809942 2.35264
0.822214 2.31537
0.834486 2.3487
0.846757 2.2883
0.859029 2.30943
0.871301 2.2975
0.883573 2.33721
0.895845 2.26664
0.908117 2.27215
0.920388 2.25273
0.93266 2.2896
0.944932 2.24477
0.957204 2.2738
0.969476 2.26802
0.981748 2.29896
0.99402 2.21995
1.00629 2.21822
1.01856 2.19646
1.03084 2.21671
1.04311 2.17057
1.05538 2.19467
1.06765 2.1911
1.07992 2.21484
1.09219 2.15136
1.10447 2.1603
1.11674 2.15114
1.12901 2.17793
1.14128 2.13456
1.15355 2.16068
1.16583 2.15228
1.1781 2.15044
1.19037 2.06211
1.20264 2.053
1.21491 2.03758
1.22718 2.03442
1.23946 1.99336
1.25173 2.01027
1.264 2.00687
1.27627 1.9943
1.28854 1.93749
1.30082 1.94255
1.31309 1.94437
1.32536 1.94649
1.33763 1.91418
1.3499 1.93028
1.36217 1.92346
1.37445 1.88865
1.38672 1.82058
1.39899 1.81351
1.41126 1.81477
1.42353 1.79669
1.43581 1.77279
1.44808 1.7848
1.46035 1.78506
1.47262 1.74241
1.48489 1.69403
1.49717 1.69144
1.50944 1.69966
1.52171 1.66675
1.53398 1.63775
1.54625 1.62847
1.55852 1.60923
1.5708 1.5
1.58307 1.45245
1.59534 1.4334
1.60761 1.45614
1.61988 1.3954
1.63216 1.41154
1.64443 1.40277
1.6567 1.40991
1.66897 1.32011
1.68124 1.33224
1.69351 1.32774
1.70579 1.35736
1.71806 1.29803
1.73033 1.31418
1.7426 1.29042
1.75487 1.28602
1.76715 1.17512
1.77942 1.19977
1.79169 1.19183
1.80396 1.22849
1.81623 1.17064
1.82851 1.20901
1.84078 1.19057
1.85305 1.19751
1.86532 1.10633
1.87759 1.13913
1.88986 1.12619
1.90214 1.15179
1.91441 1.07861
1.92668 1.10514
1.93895 1.06472
1.95122 1.05765
1.9635 0.935736
1.97577 0.998387
1.98804 0.991482
2.00031 1.03469
2.01258 0.976918
2.02485 1.03563
2.03713 1.01174
2.0494 1.02299
2.06167 0.945127
2.07394 1.00557
2.08621 0.996226
2.09849 1.02291
2.11076 0.962792
2.12303 1.00114
2.1353 0.96595
2.14757 0.965758
2.15984 0.875704
2.17212 0.942185
2.18439 0.935839
2.19666 0.969814
2.20893 0.919111
2.2212 0.969521
2.23348 0.942837
2.24575 0.949253
2.25802 0.871073
2.27029 0.929476
2.28256 0.915293
2.29484 0.939361
2.30711 0.870852
2.31938 0.914601
2.33165 0.870936
2.34392 0.871
2.35619 0.77408
2.36847 0.871
2.38074 0.870936
2.39301 0.914601
2.40528 0.870852
2.41755 0.939361
2.42983 0.915293
2.4421 0.929476
2.45437 0.871073
2.46664 0.949253
2.47891 0.942837
2.49118 0.969521
2.50346 0.919111
2.51573 0.969814
2.528 0.935839
2.54027 0.942185
2.55254 0.875704
2.56482 0.965758
2.57709 0.96595
2.58936 1.00114
2.60163 0.962792
2.6139 1.02291
2.62618 0.996226
2.63845 1.00557
2.65072 0.945127
2.66299 1.02299
2.67526 1.01174
2.68753 1.03563
2.69981 0.976918
2.71208 1.03469
2.72435 0.991482
2.73662 0.998387
2.74889 0.935736
2.76117 1.05765
2.77344 1.06472
2.78571 1.10514
2.79798 1.07861
2.81025 1.15179
2.82252 1.12619
2.8348 1.13913
2.84707 1.10633
2.85934 1.19751
2.87161 1.19057
2.88388 1.20901
2.89616 1.17064
2.90843 1.22849
2.9207 1.19183
2.93297 1.19977
2.94524 1.17512
2.95751 1.28602
2.96979 1.29042
2.98206 1.31418
2.99433 1.29803
3.0066 1.35736
3.01887 1.32774
3.03115 1.33224
3.04342 1.32011
3.05569 1.40991
3.06796 1.40277
3.08023 1.41154
3.09251 1.3954
3.10478 1.45614
3.11705 1.4334
3.12932 1.45245
3.14159 1.5
3.15386 1.60923
3.16614 1.62847
3.17841 1.63775
3.19068 1.66675
3.20295 1.69966
3.21522 1.69144
3.2275 1.69403
3.23977 1.74241
3.25204 1.78506
3.26431 1.7848
3.27658 1.77279
3.28885 1.79669
3.30113 1.81477
3.3134 1.81351
3.32567 1.82058
3.33794 1.88865
3.35021 1.92346
3.36249 1.93028
3.37476 1.91418
3.38703 1.94649
3.3993 1.94437
3.41157 1.94255
3.42385 1.93749
3.43612 1.9943
3.44839 2.00687
3.46066 2.01027
3.47293 1.99336
3.4852 2.03442
3.49748 2.03758
3.50975 2.053
3.52202 2.06211
3.53429 2.15044
3.54656 2.15228
3.55884 2.16068
3.57111 2.13456
3.58338 2.17793
3.59565 2.15114
3.60792 2.1603
3.62019 2.15136
3.63247 2.21484
3.64474 2.1911
3.65701 2.19467
3.66928 2.17057
3.68155 2.21671
3.69383 2.19646
3.7061 2.21822
3.71837 2.21995
3.73064 2.29896
3.74291 2.26802
3.75518 2.2738
3.76746 2.24477
3.77973 2.2896
3.792 2.25273
3.80427 2.27215
3.81654 2.26664
3.82882 2.33721
3.84109 2.2975
3.85336 2.30943
3.86563 2.2883
3.8779 2.3487
3.89018 2.31537
3.90245 2.35264
3.91472 2.35417
3.92699 2.42916
3.93926 2.35417
3.95153 2.35264
3.96381 2.31537
3.97608 2.3487
3.98835 2.2883
4.00062 2.30943
4.01289 2.2975
4.02517 2.33721
4.03744 2.26664
4.04971 2.27215
4.06198 2.25273
4.07425 2.2896
4.08652 2.24477
4.0988 2.2738
4.11107 2.26802
4.12334 2.29896
4.13561 2.21995
4.14788 2.21822
4.16016 2.19646
4.17243 2.21671
4.1847 2.17057
4.19697 2.19467
4.20924 2.1911
4.22152 2.21484
4.23379 2.15136
4.24606 2.1603
4.25833 2.15114
4.2706 2.17793
4.28287 2.13456
4.29515 2.16068
4.30742 2.15228
4.31969 2.15044
4.33196 2.06211
4.34423 2.053
4.35651 2.03758
4.36878 2.03442
4.38105 1.99336
4.39332 2.01027
4.40559 2.00687
4.41786 1.9943
4.43014 1.93749
4.44241 1.94255
4.45468 1.94437
4.46695 1.94649
4.47922 1.91418
4.4915 1.93028
4.50377 1.92346
4.51604 1.88865
4.52831 1.82058
4.54058 1.81351
4.55285 1.81477
4.56513 1.79669
4.5774 1.77279
4.58967 1.7848
4.60194 1.78506
4.61421 1.74241
4.62649 1.69403
4.63876 1.69144
4.65103 1.69966
4.6633 1.66675
4.67557 1.63775
4.68785 1.62847
4.70012 1.60923
4.71239 1.5
4.72466 1.45245
4.73693 1.4334
4.7492 1.45614
4.76148 1.3954
4.77375 1.41154
4.78602 1.40277
4.79829 1.40991
4.81056 1.32011
4.82284 1.33224
4.83511 1.32774
4.84738 1.35736
4.85965 1.29803
4.87192 1.31418
4.88419 1.29042
4.89647 1.28602
4.90874 1.17512
4.92101 1.19977
4.93328 1.19183
4.94555 1.22849
4.95783 1.17064
4.9701 1.20901
4.98237 1.19057
4.99464 1.19751
5.00691 1.10633
5.01919 1.13913
5.03146 1.12619
5.04373 1.15179
5.056 1.07861
5.06827 1.10514
5.08054 1.06472
5.09282 1.05765
5.10509 0.935736
5.11736 0.998387
5.12963 0.991482
5.1419 1.03469
5.15418 0.976918
5.16645 1.03563
5.17872 1.01174
5.19099 1.02299
5.20326 0.945127
5.21553 1.00557
5.22781 0.996226
5.24008 1.02291
5.25235 0.962792
5.26462 1.00114
5.27689 0.96595
5.28917 0.965758
5.30144 0.875704
5.31371 0.942185
5.32598 0.935839
5.33825 0.969814
5.35052 0.919111
5.3628 0.969521
5.37507 0.942837
5.38734 0.949253
5.39961 0.871073
5.41188 0.929476
5.42416 0.915293
5.43643 0.939361
5.4487 0.870852
5.46097 0.914601
5.47324 0.870936
5.48552 0.871
5.49779 0.77408
5.51006 0.871
5.52233 0.870936
5.5346 0.914601
5.54687 0.870852
5.55915 0.939361
5.57142 0.915293
5.58369 0.929476
5.59596 0.871073
5.60823 0.949253
5.62051 0.942837
5.63278 0.969521
5.64505 0.919111
5.65732 0.969814
5.66959 0.935839
5.68186 0.942185
5.69414 0.875704
5.70641 0.965758
5.71868 0.96595
5.73095 1.00114
5.74322 0.962792
5.7555 1.02291
5.76777 0.996226
5.78004 1.00557
5.79231 0.945127
5.80458 1.02299
5.81686 1.01174
5.82913 1.03563
5.8414 0.976918
5.85367 1.03469
5.86594 0.991482
5.87821 0.998387
5.89049 0.935736
5.90276 1.05765
5.91503 1.06472
5.9273 1.10514
5.93957 1.07861
5.95185 1.15179
5.96412 1.12619
5.97639 1.13913
5.98866 1.10633
6.00093 1.19751
6.0132 1.19057
6.02548 1.20901
6.03775 1.17064
6.05002 1.22849
6.06229 1.19183
6.07456 1.19977
6.08684 1.17512
6.09911 1.28602
6.11138 1.29042
6.12365 1.31418
6.13592 1.29803
6.14819 1.35736
6.16047 1.32774
6.17274 1.33224
6.18501 1.32011
6.19728 1.40991
6.20955 1.40277
6.22183 1.41154
6.2341 1.3954
6.24637 1.45614
6.25864 1.4334
6.27091 1.45245
