0 1.04236
0.0122718 1.19086
0.0245437 1.18951
0.0368155 1.23119
0.0490874 1.18254
0.0613592 1.26958
0.0736311 1.22888
0.0859029 1.24667
0.0981748 1.20128
0.110447 1.34209
0.122718 1.33412
0.13499 1.36214
0.147262 1.32525
0.159534 1.40381
0.171806 1.36606
0.184078 1.38755
0.19635 1.37999
0.208621 1.51122
0.220893 1.50566
0.233165 1.52298
0.245437 1.50937
0.257709 1.56577
0.269981 1.53527
0.282252 1.54825
0.294524 1.55531
0.306796 1.64422
0.319068 1.63156
0.33134 1.63619
0.343612 1.62675
0.355884 1.67217
0.368155 1.64635
0.380427 1.6611
0.392699 1.68671
0.404971 1.76899
0.417243 1.76036
0.429515 1.76035
0.441786 1.76491
0.454058 1.79624
0.46633 1.77584
0.478602 1.78509
0.490874 1.81833
0.503146 1.8743
0.515418 1.86296
0.527689 1.85624
0.539961 1.86673
0.552233 1.89137
0.564505 1.87759
0.576777 1.88953
0.589049 1.94002
0.60132 1.98389
0.613592 1.97456
0.625864 1.96122
0.638136 1.98076
0.650408 1.98891
0.66268 1.97838
0.674952 1.98338
0.687223 2.03532
0.699495 2.05905
0.711767 2.04969
0.724039 2.03396
0.736311 2.06143
0.748583 2.06778
0.760854 2.06689
0.773126 2.07798
0.785398 2.15285
0.79767 2.16253
0.809942 2.15639
0.822214 2.13283
0.834486 2.17253
0.846757 2.15689
0.859029 2.16276
0.871301 2.16572
0.883573 2.24224
0.895845 2.21893
0.908117 2.2139
0.920388 2.18661
0.93266 2.23391
0.944932 2.20685
0.957204 2.22358
0.969476 2.22541
0.981748 2.30478
0.99402 2.25073
1.00629 2.24487
1.01856 2.21077
1.03084 2.254
1.04311 2.20961
1.05538 2.22792
1.06765 2.22291
1.07992 2.28817
1.09219 2.22658
1.10447 2.22741
1.11674 2.20093
1.12901 2.24786
1.14128 2.20641
1.15355 2.23281
1.16583 2.2305
1.1781 2.29619
1.19037 2.21887
1.20264 2.21937
1.21491 2.18956
1.22718 2.23178
1.23946 2.17973
1.25173 2.20714
1.264 2.2007
1.27627 2.25497
1.28854 2.1729
1.30082 2.17908
1.31309 2.15549
1.32536 2.19931
1.33763 2.14695
1.3499 2.17962
1.36217 2.17207
1.37445 2.21731
1.38672 2.11811
1.39899 2.12268
1.41126 2.09813
1.42353 2.13263
1.43581 2.07601
1.44808 2.10922
1.46035 2.10108
1.47262 2.13491
1.48489 2.04026
1.49717 2.05223
1.50944 2.03583
1.52171 2.07081
1.53398 2.01326
1.54625 2.04967
1.55852 2.03712
1.5708 2.051
1.58307 1.93431
1.59534 1.94147
1.60761 1.92494
1.61988 1.93966
1.63216 1.881
1.64443 1.91256
1.6567 1.89779
1.66897 1.88177
1.68124 1.78251
1.69351 1.79537
1.70579 1.79244
1.71806 1.79154
1.73033 1.74406
1.7426 1.76669
1.75487 1.74784
1.76715 1.69477
1.77942 1.61599
1.79169 1.62827
1.80396 1.63985
1.81623 1.62061
1.82851 1.60194
1.84078 1.61843
1.85305 1.61071
1.86532 1.55296
1.87759 1.51438
1.88986 1.52773
1.90214 1.54432
1.91441 1.51721
1.92668 1.50453
1.93895 1.50954
1.95122 1.49646
1.9635 1.41771
1.97577 1.39385
1.98804 1.40277
2.00031 1.42548
2.01258 1.38726
2.02485 1.3938
2.03713 1.393
2.0494 1.38699
2.06167 1.30899
2.07394 1.31083
2.08621 1.31719
2.09849 1.33969
2.11076 1.29496
2.12303 1.30477
2.1353 1.29397
2.14757 1.28464
2.15984 1.19526
2.17212 1.21572
2.18439 1.22085
2.19666 1.24883
2.20893 1.20292
2.2212 1.22766
2.23348 1.21542
2.24575 1.21238
2.25802 1.13302
2.27029 1.16176
2.28256 1.16229
2.29484 1.18489
2.30711 1.13423
2.31938 1.1552
2.33165 1.13495
2.34392 1.12719
2.35619 1.03543
2.36847 1.07878
2.38074 1.07969
2.39301 1.10896
2.40528 1.05801
2.41755 1.09445
2.42983 1.07444
2.4421 1.07418
2.45437 0.994104
2.46664 1.04777
2.47891 1.0466
2.49118 1.07259
2.50346 1.02164
2.51573 1.05707
2.528 1.03362
2.54027 1.03311
2.55254 0.954647
2.56482 1.01931
2.57709 1.02091
2.58936 1.05069
2.60163 1.00743
2.6139 1.04871
2.62618 1.02955
2.63845 1.03305
2.65072 0.966253
2.66299 1.02251
2.67526 1.02113
2.68753 1.04589
2.69981 0.999458
2.71208 1.03535
2.72435 1.0126
2.73662 1.01302
2.74889 0.93412
2.76117 1.00223
2.77344 1.00389
2.78571 1.03683
2.79798 0.989819
2.81025 1.03905
2.82252 1.01708
2.8348 1.02304
2.84707 0.946222
2.85934 1.02334
2.87161 1.02274
2.88388 1.0552
2.89616 1.00071
2.90843 1.054
2.9207 1.02447
2.93297 1.03029
2.94524 0.94402
2.95751 1.04871
2.96979 1.05113
2.98206 1.09172
2.99433 1.03994
3.0066 1.10781
3.01887 1.07701
3.03115 1.08711
3.04342 1.00792
3.05569 1.11712
3.06796 1.11185
3.08023 1.14648
3.09251 1.08433
3.10478 1.15613
3.11705 1.11298
3.12932 1.1232
3.14159 1.04236
3.15386 1.19086
3.16614 1.18951
3.17841 1.23119
3.19068 1.18254
3.20295 1.26958
3.21522 1.22888
3.2275 1.24667
3.23977 1.20128
3.25204 1.34209
3.26431 1.33412
3.27658 1.36214
3.28885 1.32525
3.30113 1.40381
3.3134 1.36606
3.32567 1.38755
3.33794 1.37999
3.35021 1.51122
3.36249 1.50566
3.37476 1.52298
3.38703 1.50937
3.3993 1.56577
3.41157 1.53527
3.42385 1.54825
3.43612 1.55531
3.44839 1.64422
3.46066 1.63156
3.47293 1.63619
3.4852 1.62675
3.49748 1.67217
3.50975 1.64635
3.52202 1.6611
3.53429 1.68671
3.54656 1.76899
3.55884 1.76036
3.57111 1.76035
3.58338 1.76491
3.59565 1.79624
3.60792 1.77584
3.62019 1.78509
3.63247 1.81833
3.64474 1.8743
3.65701 1.86296
3.66928 1.85624
3.68155 1.86673
3.69383 1.89137
3.7061 1.87759
3.71837 1.88953
3.73064 1.94002
3.74291 1.98389
3.75518 1.97456
3.76746 1.96122
3.77973 1.98076
3.792 1.98891
3.80427 1.97838
3.81654 1.98338
3.82882 2.03532
3.84109 2.05905
3.85336 2.04969
3.86563 2.03396
3.8779 2.06143
3.89018 2.06778
3.90245 2.06689
3.91472 2.07798
3.92699 2.15285
3.93926 2.16253
3.95153 2.15639
3.96381 2.13283
3.97608 2.17253
3.98835 2.15689
4.00062 2.16276
4.01289 2.16572
4.02517 2.24224
4.03744 2.21893
4.04971 2.2139
4.06198 2.18661
4.07425 2.23391
4.08652 2.20685
4.0988 2.22358
4.11107 2.22541
4.12334 2.30478
4.13561 2.25073
4.14788 2.24487
4.16016 2.21077
4.17243 2.254
4.1847 2.20961
4.19697 2.22792
4.20924 2.22291
4.22152 2.28817
4.23379 2.22658
4.24606 2.22741
4.25833 2.20093
4.2706 2.24786
4.28287 2.20641
4.29515 2.23281
4.30742 2.2305
4.31969 2.29619
4.33196 2.21887
4.34423 2.21937
4.35651 2.18956
4.36878 2.23178
4.38105 2.17973
4.39332 2.20714
4.40559 2.2007
4.41786 2.25497
4.43014 2.1729
4.44241 2.17908
4.45468 2.15549
4.46695 2.19931
4.47922 2.14695
4.4915 2.17962
4.50377 2.17207
4.51604 2.21731
4.52831 2.11811
4.54058 2.12268
4.55285 2.09813
4.56513 2.13263
4.5774 2.07601
4.58967 2.10922
4.60194 2.10108
4.61421 2.13491
4.62649 2.04026
4.63876 2.05223
4.65103 2.03583
4.6633 2.07081
4.67557 2.01326
4.68785 2.04967
4.70012 2.03712
4.71239 2.051
4.72466 1.93431
4.73693 1.94147
4.7492 1.92494
4.76148 1.93966
4.77375 1.881
4.78602 1.91256
4.79829 1.89779
4.81056 1.88177
4.82284 1.78251
4.83511 1.79537
4.84738 1.79244
4.85965 1.79154
4.87192 1.74406
4.88419 1.76669
4.89647 1.74784
4.90874 1.69477
4.92101 1.61599
4.93328 1.62827
4.94555 1.63985
4.95783 1.62061
4.9701 1.60194
4.98237 1.61843
4.99464 1.61071
5.00691 1.55296
5.01919 1.51438
5.03146 1.52773
5.04373 1.54432
5.056 1.51721
5.06827 1.50453
5.08054 1.50954
5.09282 1.49646
5.10509 1.41771
5.11736 1.39385
5.12963 1.40277
5.1419 1.42548
5.15418 1.38726
5.16645 1.3938
5.17872 1.393
5.19099 1.38699
5.20326 1.30899
5.21553 1.31083
5.22781 1.31719
5.24008 1.33969
5.25235 1.29496
5.26462 1.30477
5.27689 1.29397
5.28917 1.28464
5.30144 1.19526
5.31371 1.21572
5.32598 1.22085
5.33825 1.24883
5.35052 1.20292
5.3628 1.22766
5.37507 1.21542
5.38734 1.21238
5.39961 1.13302
5.41188 1.16176
5.42416 1.16229
5.43643 1.18489
5.4487 1.13423
5.46097 1.1552
5.47324 1.13495
5.48552 1.12719
5.49779 1.03543
5.51006 1.07878
5.52233 1.07969
5.5346 1.10896
5.54687 1.05801
5.55915 1.09445
5.57142 1.07444
5.58369 1.07418
5.59596 0.994104
5.60823 1.04777
5.62051 1.0466
5.63278 1.07259
5.64505 1.02164
5.65732 1.05707
5.66959 1.03362
5.68186 1.03311
5.69414 0.954647
5.70641 1.01931
5.71868 1.02091
5.73095 1.05069
5.74322 1.00743
5.7555 1.04871
5.76777 1.02955
5.78004 1.03305
5.79231 0.966253
5.80458 1.02251
5.81686 1.02113
5.82913 1.04589
5.8414 0.999458
5.85367 1.03535
5.86594 1.0126
5.87821 1.01302
5.89049 0.93412
5.90276 1.00223
5.91503 1.00389
5.9273 1.03683
5.93957 0.989819
5.95185 1.03905
5.96412 1.01708
5.97639 1.02304
5.98866 0.946222
6.00093 1.02334
6.0132 1.02274
6.02548 1.0552
6.03775 1.00071
6.05002 1.054
6.06229 1.02447
6.07456 1.03029
6.08684 0.94402
6.09911 1.04871
6.11138 1.05113
6.12365 1.09172
6.13592 1.03994
6.14819 1.10781
6.16047 1.07701
6.17274 1.08711
6.18501 1.00792
6.19728 1.11712
6.20955 1.11185
6.22183 1.14648
6.2341 1.08433
6.24637 1.15613
6.25864 1.11298
6.27091 1.1232
