1.04236
1.19086
1.18951
1.23119
1.18254
1.26958
1.22888
1.24667
1.20128
1.34209
1.33412
1.36214
1.32525
1.40381
1.36606
1.38755
1.37999
1.51122
1.50566
1.52298
1.50937
1.56577
1.53527
1.54825
1.55531
1.64422
1.63156
1.63619
1.62675
1.67217
1.64635
1.6611
1.68671
1.76899
1.76036
1.76035
1.76491
1.79624
1.77584
1.78509
1.81833
1.8743
1.86296
1.85624
1.86673
1.89137
1.87759
1.88953
1.94002
1.98389
1.97456
1.96122
1.98076
1.98891
1.97838
1.98338
2.03532
2.05905
2.04969
2.03396
2.06143
2.06778
2.06689
2.07798
2.15285
2.16253
2.15639
2.13283
2.17253
2.15689
2.16276
2.16572
2.24224
2.21893
2.2139
2.18661
2.23391
2.20685
2.22358
2.22541
2.30478
2.25073
2.24487
2.21077
2.254
2.20961
2.22792
2.22291
2.28817
2.22658
2.22741
2.20093
2.24786
2.20641
2.23281
2.2305
2.29619
2.21887
2.21937
2.18956
2.23178
2.17973
2.20714
2.2007
2.25497
2.1729
2.17908
2.15549
2.19931
2.14695
2.17962
2.17207
2.21731
2.11811
2.12268
2.09813
2.13263
2.07601
2.10922
2.10108
2.13491
2.04026
2.05223
2.03583
2.07081
2.01326
2.04967
2.03712
2.051
1.93431
1.94147
1.92494
1.93966
1.881
1.91256
1.89779
1.88177
1.78251
1.79537
1.79244
1.79154
1.74406
1.76669
1.74784
1.69477
1.61599
1.62827
1.63985
1.62061
1.60194
1.61843
1.61071
1.55296
1.51438
1.52773
1.54432
1.51721
1.50453
1.50954
1.49646
1.41771
1.39385
1.40277
1.42548
1.38726
1.3938
1.393
1.38699
1.30899
1.31083
1.31719
1.33969
1.29496
1.30477
1.29397
1.28464
1.19526
1.21572
1.22085
1.24883
1.20292
1.22766
1.21542
1.21238
1.13302
1.16176
1.16229
1.18489
1.13423
1.1552
1.13495
1.12719
1.03543
1.07878
1.07969
1.10896
1.05801
1.09445
1.07444
1.07418
0.994104
1.04777
1.0466
1.07259
1.02164
1.05707
1.03362
1.03311
0.954647
1.01931
1.02091
1.05069
1.00743
1.04871
1.02955
1.03305
0.966253
1.02251
1.02113
1.04589
0.999458
1.03535
1.0126
1.01302
0.93412
1.00223
1.00389
1.03683
0.989819
1.03905
1.01708
1.02304
0.946222
1.02334
1.02274
1.0552
1.00071
1.054
1.02447
1.03029
0.94402
1.04871
1.05113
1.09172
1.03994
1.10781
1.07701
1.08711
1.00792
1.11712
1.11185
1.14648
1.08433
1.15613
1.11298
1.1232
1.04236
1.19086
1.18951
1.23119
1.18254
1.26958
1.22888
1.24667
1.20128
1.34209
1.33412
1.36214
1.32525
1.40381
1.36606
1.38755
1.37999
1.51122
1.50566
1.52298
1.50937
1.56577
1.53527
1.54825
1.55531
1.64422
1.63156
1.63619
1.62675
1.67217
1.64635
1.6611
1.68671
1.76899
1.76036
1.76035
1.76491
1.79624
1.77584
1.78509
1.81833
1.8743
1.86296
1.85624
1.86673
1.89137
1.87759
1.88953
1.94002
1.98389
1.97456
1.96122
1.98076
1.98891
1.97838
1.98338
2.03532
2.05905
2.04969
2.03396
2.06143
2.06778
2.06689
2.07798
2.15285
2.16253
2.15639
2.13283
2.17253
2.15689
2.16276
2.16572
2.24224
2.21893
2.2139
2.18661
2.23391
2.20685
2.22358
2.22541
2.30478
2.25073
2.24487
2.21077
2.254
2.20961
2.22792
2.22291
2.28817
2.22658
2.22741
2.20093
2.24786
2.20641
2.23281
2.2305
2.29619
2.21887
2.21937
2.18956
2.23178
2.17973
2.20714
2.2007
2.25497
2.1729
2.17908
2.15549
2.19931
2.14695
2.17962
2.17207
2.21731
2.11811
2.12268
2.09813
2.13263
2.07601
2.10922
2.10108
2.13491
2.04026
2.05223
2.03583
2.07081
2.01326
2.04967
2.03712
2.051
1.93431
1.94147
1.92494
1.93966
1.881
1.91256
1.89779
1.88177
1.78251
1.79537
1.79244
1.79154
1.74406
1.76669
1.74784
1.69477
1.61599
1.62827
1.63985
1.62061
1.60194
1.61843
1.61071
1.55296
1.51438
1.52773
1.54432
1.51721
1.50453
1.50954
1.49646
1.41771
1.39385
1.40277
1.42548
1.38726
1.3938
1.393
1.38699
1.30899
1.31083
1.31719
1.33969
1.29496
1.30477
1.29397
1.28464
1.19526
1.21572
1.22085
1.24883
1.20292
1.22766
1.21542
1.21238
1.13302
1.16176
1.16229
1.18489
1.13423
1.1552
1.13495
1.12719
1.03543
1.07878
1.07969
1.10896
1.05801
1.09445
1.07444
1.07418
0.994104
1.04777
1.0466
1.07259
1.02164
1.05707
1.03362
1.03311
0.954647
1.01931
1.02091
1.05069
1.00743
1.04871
1.02955
1.03305
0.966253
1.02251
1.02113
1.04589
0.999458
1.03535
1.0126
1.01302
0.93412
1.00223
1.00389
1.03683
0.989819
1.03905
1.01708
1.02304
0.946222
1.02334
1.02274
1.0552
1.00071
1.054
1.02447
1.03029
0.94402
1.04871
1.05113
1.09172
1.03994
1.10781
1.07701
1.08711
1.00792
1.11712
1.11185
1.14648
1.08433
1.15613
1.11298
1.1232
